1 912.869
2 912.869
3 912.869
4 912.869
5 912.869
6 912.869
7 912.869
8 912.869
9 912.869
10 912.869
11 912.869
12 912.869
13 912.869
14 912.869
15 912.869
16 912.869
17 912.869
18 912.869
19 912.869
20 912.869
21 912.869
22 912.869
23 912.869
24 912.869
25 912.869
26 912.869
27 912.869
28 912.869
29 912.869
30 912.869
31 912.869
32 912.869
33 912.869
34 912.869
35 912.869
36 912.869
37 912.869
38 912.869
39 912.869
40 912.869
41 912.869
42 912.869
43 912.869
44 912.869
45 912.869
46 912.869
47 912.869
48 912.869
49 912.869
50 912.869
51 912.869
52 912.869
53 912.869
54 912.869
55 912.869
56 912.869
57 912.869
58 912.869
59 912.869
60 912.869
61 912.869
62 912.869
63 912.869
64 912.869
65 912.869
66 912.869
67 912.869
68 912.869
69 912.869
70 912.869
71 912.869
72 912.869
73 912.869
74 912.869
75 912.869
76 912.869
77 912.869
78 912.869
79 912.869
80 912.869
81 912.869
82 912.869
83 912.869
84 912.869
85 912.869
86 666.341
87 666.341
88 666.341
89 666.341
90 666.341
91 666.341
92 666.341
93 666.341
94 666.341
95 666.341
96 666.341
97 666.341
98 666.341
99 666.341
100 666.341
