20 100 2 3 0.01 100
39
1 92 179.1999969482422
2 143 76.19999694824219
3 211 166.1999969482422
4 142 225.1999969482422
5 91 249.1999969482422
6 141 169.1999969482422
7 363 381.1999969482422
8 359 366.1999969482422
9 345 377.1999969482422
10 338 303.1999969482422
11 350 303.1999969482422
12 342 279.1999969482422
13 360 265.1999969482422
14 339 239.1999969482422
15 345 207.1999969482422
16 351 169.1999969482422
17 212 134.19998168945312
18 362 49.199981689453125
19 362 136.19998168945312
20 192 350.1999969482422
21 169 349.1999969482422
22 169 349.1999969482422
23 169 349.1999969482422
24 155 357.1999969482422
25 111 345.1999969482422
26 96 332.1999969482422
27 140 304.1999969482422
28 213 291.1999969482422
29 199 289.1999969482422
30 197 209.1999969482422
31 188 233.1999969482422
32 199 233.1999969482422
33 275 229.1999969482422
34 259 186.1999969482422
35 249 230.1999969482422
36 252 273.1999969482422
37 261 289.1999969482422
38 247 301.1999969482422
39 259 330.1999969482422
