1 2509.579 1 6 4 32 31 30 23 21 22 24 20 28 29 34 35 36 37 38 39 11 10 7 8 9 13 12 15 14 33 27 25 26 3 17 2 18 19 16 5 1
2 2217.169 1 6 2 17 3 30 32 31 27 21 22 23 24 20 28 29 4 33 15 14 12 11 10 13 16 19 18 34 35 36 38 37 39 7 8 9 26 25 5 1
3 2217.169 1 6 2 17 3 30 32 31 27 21 22 23 24 20 28 29 4 33 15 14 12 11 10 13 16 19 18 34 35 36 38 37 39 7 8 9 26 25 5 1
4 2040.246 1 5 27 25 26 28 29 38 37 36 35 33 34 3 17 4 6 32 31 30 24 22 21 23 20 39 8 9 7 10 11 12 13 14 15 16 19 18 2 1
5 2040.246 1 5 27 25 26 28 29 38 37 36 35 33 34 3 17 4 6 32 31 30 24 22 21 23 20 39 8 9 7 10 11 12 13 14 15 16 19 18 2 1
6 2040.246 1 5 27 25 26 28 29 38 37 36 35 33 34 3 17 4 6 32 31 30 24 22 21 23 20 39 8 9 7 10 11 12 13 14 15 16 19 18 2 1
7 2040.246 1 5 27 25 26 28 29 38 37 36 35 33 34 3 17 4 6 32 31 30 24 22 21 23 20 39 8 9 7 10 11 12 13 14 15 16 19 18 2 1
8 2040.246 1 5 27 25 26 28 29 38 37 36 35 33 34 3 17 4 6 32 31 30 24 22 21 23 20 39 8 9 7 10 11 12 13 14 15 16 19 18 2 1
9 1948.681 1 6 17 3 30 35 33 36 37 38 28 29 32 31 4 5 23 22 21 20 24 25 26 27 39 9 7 8 11 10 12 13 14 15 16 19 18 34 2 1
10 1948.681 1 6 17 3 30 35 33 36 37 38 28 29 32 31 4 5 23 22 21 20 24 25 26 27 39 9 7 8 11 10 12 13 14 15 16 19 18 34 2 1
11 1948.681 1 6 17 3 30 35 33 36 37 38 28 29 32 31 4 5 23 22 21 20 24 25 26 27 39 9 7 8 11 10 12 13 14 15 16 19 18 34 2 1
12 1947.958 1 6 4 31 32 30 3 34 33 35 36 37 38 39 8 7 9 10 11 12 13 14 15 16 19 18 17 2 22 21 23 20 28 29 24 25 26 27 5 1
13 1877.023 1 6 30 32 31 4 5 27 26 25 24 23 22 21 20 36 37 38 29 28 39 7 9 8 11 10 12 13 14 15 16 19 18 17 3 34 33 35 2 1
14 1877.023 1 6 30 32 31 4 5 27 26 25 24 23 22 21 20 36 37 38 29 28 39 7 9 8 11 10 12 13 14 15 16 19 18 17 3 34 33 35 2 1
15 1877.023 1 6 30 32 31 4 5 27 26 25 24 23 22 21 20 36 37 38 29 28 39 7 9 8 11 10 12 13 14 15 16 19 18 17 3 34 33 35 2 1
16 1877.023 1 6 30 32 31 4 5 27 26 25 24 23 22 21 20 36 37 38 29 28 39 7 9 8 11 10 12 13 14 15 16 19 18 17 3 34 33 35 2 1
17 1877.023 1 6 30 32 31 4 5 27 26 25 24 23 22 21 20 36 37 38 29 28 39 7 9 8 11 10 12 13 14 15 16 19 18 17 3 34 33 35 2 1
18 1877.023 1 6 30 32 31 4 5 27 26 25 24 23 22 21 20 36 37 38 29 28 39 7 9 8 11 10 12 13 14 15 16 19 18 17 3 34 33 35 2 1
19 1877.023 1 6 30 32 31 4 5 27 26 25 24 23 22 21 20 36 37 38 29 28 39 7 9 8 11 10 12 13 14 15 16 19 18 17 3 34 33 35 2 1
20 1830.946 1 6 4 31 32 30 3 17 34 33 35 36 37 38 39 28 29 27 5 26 25 23 21 22 24 20 9 8 7 11 10 12 13 14 15 16 19 18 2 1
21 1741.260 1 6 4 30 31 32 28 29 38 37 36 35 33 34 3 17 2 18 19 16 15 14 13 12 10 11 8 9 7 39 20 21 22 23 24 25 26 27 5 1
22 1741.260 1 6 4 30 31 32 28 29 38 37 36 35 33 34 3 17 2 18 19 16 15 14 13 12 10 11 8 9 7 39 20 21 22 23 24 25 26 27 5 1
23 1741.260 1 6 4 30 31 32 28 29 38 37 36 35 33 34 3 17 2 18 19 16 15 14 13 12 10 11 8 9 7 39 20 21 22 23 24 25 26 27 5 1
24 1741.260 1 6 4 30 31 32 28 29 38 37 36 35 33 34 3 17 2 18 19 16 15 14 13 12 10 11 8 9 7 39 20 21 22 23 24 25 26 27 5 1
25 1741.260 1 6 4 30 31 32 28 29 38 37 36 35 33 34 3 17 2 18 19 16 15 14 13 12 10 11 8 9 7 39 20 21 22 23 24 25 26 27 5 1
26 1741.260 1 6 4 30 31 32 28 29 38 37 36 35 33 34 3 17 2 18 19 16 15 14 13 12 10 11 8 9 7 39 20 21 22 23 24 25 26 27 5 1
27 1741.260 1 6 4 30 31 32 28 29 38 37 36 35 33 34 3 17 2 18 19 16 15 14 13 12 10 11 8 9 7 39 20 21 22 23 24 25 26 27 5 1
28 1741.260 1 6 4 30 31 32 28 29 38 37 36 35 33 34 3 17 2 18 19 16 15 14 13 12 10 11 8 9 7 39 20 21 22 23 24 25 26 27 5 1
29 1741.260 1 6 4 30 31 32 28 29 38 37 36 35 33 34 3 17 2 18 19 16 15 14 13 12 10 11 8 9 7 39 20 21 22 23 24 25 26 27 5 1
30 1741.260 1 6 4 30 31 32 28 29 38 37 36 35 33 34 3 17 2 18 19 16 15 14 13 12 10 11 8 9 7 39 20 21 22 23 24 25 26 27 5 1
31 1741.260 1 6 4 30 31 32 28 29 38 37 36 35 33 34 3 17 2 18 19 16 15 14 13 12 10 11 8 9 7 39 20 21 22 23 24 25 26 27 5 1
32 1726.832 1 6 4 30 32 31 28 29 38 37 36 35 33 34 3 17 2 18 19 16 15 14 13 12 11 10 8 7 9 39 20 21 23 22 24 25 26 27 5 1
33 1726.832 1 6 4 30 32 31 28 29 38 37 36 35 33 34 3 17 2 18 19 16 15 14 13 12 11 10 8 7 9 39 20 21 23 22 24 25 26 27 5 1
34 1726.832 1 6 4 30 32 31 28 29 38 37 36 35 33 34 3 17 2 18 19 16 15 14 13 12 11 10 8 7 9 39 20 21 23 22 24 25 26 27 5 1
35 1726.832 1 6 4 30 32 31 28 29 38 37 36 35 33 34 3 17 2 18 19 16 15 14 13 12 11 10 8 7 9 39 20 21 23 22 24 25 26 27 5 1
36 1726.832 1 6 4 30 32 31 28 29 38 37 36 35 33 34 3 17 2 18 19 16 15 14 13 12 11 10 8 7 9 39 20 21 23 22 24 25 26 27 5 1
37 1726.832 1 6 4 30 32 31 28 29 38 37 36 35 33 34 3 17 2 18 19 16 15 14 13 12 11 10 8 7 9 39 20 21 23 22 24 25 26 27 5 1
38 1717.952 1 6 4 31 32 30 35 33 34 3 17 2 18 19 16 15 14 12 13 11 10 7 8 9 39 38 37 36 28 29 20 21 23 22 24 25 26 27 5 1
39 1717.952 1 6 4 31 32 30 35 33 34 3 17 2 18 19 16 15 14 12 13 11 10 7 8 9 39 38 37 36 28 29 20 21 23 22 24 25 26 27 5 1
40 1717.952 1 6 4 31 32 30 35 33 34 3 17 2 18 19 16 15 14 12 13 11 10 7 8 9 39 38 37 36 28 29 20 21 23 22 24 25 26 27 5 1
41 1696.035 1 6 4 31 32 30 35 33 34 3 17 2 18 19 16 15 14 13 12 11 10 8 7 9 39 38 37 36 29 28 20 21 22 23 24 25 26 27 5 1
42 1696.035 1 6 4 31 32 30 35 33 34 3 17 2 18 19 16 15 14 13 12 11 10 8 7 9 39 38 37 36 29 28 20 21 22 23 24 25 26 27 5 1
43 1696.035 1 6 4 31 32 30 35 33 34 3 17 2 18 19 16 15 14 13 12 11 10 8 7 9 39 38 37 36 29 28 20 21 22 23 24 25 26 27 5 1
44 1696.035 1 6 4 31 32 30 35 33 34 3 17 2 18 19 16 15 14 13 12 11 10 8 7 9 39 38 37 36 29 28 20 21 22 23 24 25 26 27 5 1
45 1696.035 1 6 4 31 32 30 35 33 34 3 17 2 18 19 16 15 14 13 12 11 10 8 7 9 39 38 37 36 29 28 20 21 22 23 24 25 26 27 5 1
46 1696.035 1 6 4 31 32 30 35 33 34 3 17 2 18 19 16 15 14 13 12 11 10 8 7 9 39 38 37 36 29 28 20 21 22 23 24 25 26 27 5 1
47 1696.035 1 6 4 31 32 30 35 33 34 3 17 2 18 19 16 15 14 13 12 11 10 8 7 9 39 38 37 36 29 28 20 21 22 23 24 25 26 27 5 1
48 1696.035 1 6 4 31 32 30 35 33 34 3 17 2 18 19 16 15 14 13 12 11 10 8 7 9 39 38 37 36 29 28 20 21 22 23 24 25 26 27 5 1
49 1696.035 1 6 4 31 32 30 35 33 34 3 17 2 18 19 16 15 14 13 12 11 10 8 7 9 39 38 37 36 29 28 20 21 22 23 24 25 26 27 5 1
50 1696.035 1 6 4 31 32 30 35 33 34 3 17 2 18 19 16 15 14 13 12 11 10 8 7 9 39 38 37 36 29 28 20 21 22 23 24 25 26 27 5 1
51 1696.035 1 6 4 31 32 30 35 33 34 3 17 2 18 19 16 15 14 13 12 11 10 8 7 9 39 38 37 36 29 28 20 21 22 23 24 25 26 27 5 1
52 1696.035 1 6 4 31 32 30 35 33 34 3 17 2 18 19 16 15 14 13 12 11 10 8 7 9 39 38 37 36 29 28 20 21 22 23 24 25 26 27 5 1
53 1696.035 1 6 4 31 32 30 35 33 34 3 17 2 18 19 16 15 14 13 12 11 10 8 7 9 39 38 37 36 29 28 20 21 22 23 24 25 26 27 5 1
54 1696.035 1 6 4 31 32 30 35 33 34 3 17 2 18 19 16 15 14 13 12 11 10 8 7 9 39 38 37 36 29 28 20 21 22 23 24 25 26 27 5 1
55 1696.035 1 6 4 31 32 30 35 33 34 3 17 2 18 19 16 15 14 13 12 11 10 8 7 9 39 38 37 36 29 28 20 21 22 23 24 25 26 27 5 1
56 1696.035 1 6 4 31 32 30 35 33 34 3 17 2 18 19 16 15 14 13 12 11 10 8 7 9 39 38 37 36 29 28 20 21 22 23 24 25 26 27 5 1
57 1696.035 1 6 4 31 32 30 35 33 34 3 17 2 18 19 16 15 14 13 12 11 10 8 7 9 39 38 37 36 29 28 20 21 22 23 24 25 26 27 5 1
58 1696.035 1 6 4 31 32 30 35 33 34 3 17 2 18 19 16 15 14 13 12 11 10 8 7 9 39 38 37 36 29 28 20 21 22 23 24 25 26 27 5 1
59 1696.035 1 6 4 31 32 30 35 33 34 3 17 2 18 19 16 15 14 13 12 11 10 8 7 9 39 38 37 36 29 28 20 21 22 23 24 25 26 27 5 1
60 1696.035 1 6 4 31 32 30 35 33 34 3 17 2 18 19 16 15 14 13 12 11 10 8 7 9 39 38 37 36 29 28 20 21 22 23 24 25 26 27 5 1
61 1696.035 1 6 4 31 32 30 35 33 34 3 17 2 18 19 16 15 14 13 12 11 10 8 7 9 39 38 37 36 29 28 20 21 22 23 24 25 26 27 5 1
62 1696.035 1 6 4 31 32 30 35 33 34 3 17 2 18 19 16 15 14 13 12 11 10 8 7 9 39 38 37 36 29 28 20 21 22 23 24 25 26 27 5 1
63 1696.035 1 6 4 31 32 30 35 33 34 3 17 2 18 19 16 15 14 13 12 11 10 8 7 9 39 38 37 36 29 28 20 21 22 23 24 25 26 27 5 1
64 1696.035 1 6 4 31 32 30 35 33 34 3 17 2 18 19 16 15 14 13 12 11 10 8 7 9 39 38 37 36 29 28 20 21 22 23 24 25 26 27 5 1
65 1682.400 1 6 4 31 32 30 35 33 34 3 17 2 18 19 16 15 14 13 12 11 10 8 7 9 39 38 37 36 28 29 20 21 22 23 24 25 26 27 5 1
66 1682.400 1 6 4 31 32 30 35 33 34 3 17 2 18 19 16 15 14 13 12 11 10 8 7 9 39 38 37 36 28 29 20 21 22 23 24 25 26 27 5 1
67 1682.400 1 6 4 31 32 30 35 33 34 3 17 2 18 19 16 15 14 13 12 11 10 8 7 9 39 38 37 36 28 29 20 21 22 23 24 25 26 27 5 1
68 1682.400 1 6 4 31 32 30 35 33 34 3 17 2 18 19 16 15 14 13 12 11 10 8 7 9 39 38 37 36 28 29 20 21 22 23 24 25 26 27 5 1
69 1682.400 1 6 4 31 32 30 35 33 34 3 17 2 18 19 16 15 14 13 12 11 10 8 7 9 39 38 37 36 28 29 20 21 22 23 24 25 26 27 5 1
70 1682.400 1 6 4 31 32 30 35 33 34 3 17 2 18 19 16 15 14 13 12 11 10 8 7 9 39 38 37 36 28 29 20 21 22 23 24 25 26 27 5 1
71 1682.400 1 6 4 31 32 30 35 33 34 3 17 2 18 19 16 15 14 13 12 11 10 8 7 9 39 38 37 36 28 29 20 21 22 23 24 25 26 27 5 1
72 1682.400 1 6 4 31 32 30 35 33 34 3 17 2 18 19 16 15 14 13 12 11 10 8 7 9 39 38 37 36 28 29 20 21 22 23 24 25 26 27 5 1
73 1682.400 1 6 4 31 32 30 35 33 34 3 17 2 18 19 16 15 14 13 12 11 10 8 7 9 39 38 37 36 28 29 20 21 22 23 24 25 26 27 5 1
74 1682.400 1 6 4 31 32 30 35 33 34 3 17 2 18 19 16 15 14 13 12 11 10 8 7 9 39 38 37 36 28 29 20 21 22 23 24 25 26 27 5 1
75 1682.400 1 6 4 31 32 30 35 33 34 3 17 2 18 19 16 15 14 13 12 11 10 8 7 9 39 38 37 36 28 29 20 21 22 23 24 25 26 27 5 1
76 1682.400 1 6 4 31 32 30 35 33 34 3 17 2 18 19 16 15 14 13 12 11 10 8 7 9 39 38 37 36 28 29 20 21 22 23 24 25 26 27 5 1
77 1678.665 1 6 4 31 32 30 35 33 34 3 17 2 18 19 16 15 14 13 12 10 11 8 7 9 39 38 37 36 28 29 20 21 22 23 24 25 26 27 5 1
78 1678.665 1 6 4 31 32 30 35 33 34 3 17 2 18 19 16 15 14 13 12 10 11 8 7 9 39 38 37 36 28 29 20 21 22 23 24 25 26 27 5 1
79 1678.665 1 6 4 31 32 30 35 33 34 3 17 2 18 19 16 15 14 13 12 10 11 8 7 9 39 38 37 36 28 29 20 21 22 23 24 25 26 27 5 1
80 1678.665 1 6 4 31 32 30 35 33 34 3 17 2 18 19 16 15 14 13 12 10 11 8 7 9 39 38 37 36 28 29 20 21 22 23 24 25 26 27 5 1
81 1678.665 1 6 4 31 32 30 35 33 34 3 17 2 18 19 16 15 14 13 12 10 11 8 7 9 39 38 37 36 28 29 20 21 22 23 24 25 26 27 5 1
82 1678.665 1 6 4 31 32 30 35 33 34 3 17 2 18 19 16 15 14 13 12 10 11 8 7 9 39 38 37 36 28 29 20 21 22 23 24 25 26 27 5 1
83 1678.665 1 6 4 31 32 30 35 33 34 3 17 2 18 19 16 15 14 13 12 10 11 8 7 9 39 38 37 36 28 29 20 21 22 23 24 25 26 27 5 1
84 1678.665 1 6 4 31 32 30 35 33 34 3 17 2 18 19 16 15 14 13 12 10 11 8 7 9 39 38 37 36 28 29 20 21 22 23 24 25 26 27 5 1
85 1678.665 1 6 4 31 32 30 35 33 34 3 17 2 18 19 16 15 14 13 12 10 11 8 7 9 39 38 37 36 28 29 20 21 22 23 24 25 26 27 5 1
86 1678.665 1 6 4 31 32 30 35 33 34 3 17 2 18 19 16 15 14 13 12 10 11 8 7 9 39 38 37 36 28 29 20 21 22 23 24 25 26 27 5 1
87 1678.665 1 6 4 31 32 30 35 33 34 3 17 2 18 19 16 15 14 13 12 10 11 8 7 9 39 38 37 36 28 29 20 21 22 23 24 25 26 27 5 1
88 1678.665 1 6 4 31 32 30 35 33 34 3 17 2 18 19 16 15 14 13 12 10 11 8 7 9 39 38 37 36 28 29 20 21 22 23 24 25 26 27 5 1
89 1678.665 1 6 4 31 32 30 35 33 34 3 17 2 18 19 16 15 14 13 12 10 11 8 7 9 39 38 37 36 28 29 20 21 22 23 24 25 26 27 5 1
90 1678.665 1 6 4 31 32 30 35 33 34 3 17 2 18 19 16 15 14 13 12 10 11 8 7 9 39 38 37 36 28 29 20 21 22 23 24 25 26 27 5 1
91 1678.665 1 6 4 31 32 30 35 33 34 3 17 2 18 19 16 15 14 13 12 10 11 8 7 9 39 38 37 36 28 29 20 21 22 23 24 25 26 27 5 1
92 1678.665 1 6 4 31 32 30 35 33 34 3 17 2 18 19 16 15 14 13 12 10 11 8 7 9 39 38 37 36 28 29 20 21 22 23 24 25 26 27 5 1
93 1678.665 1 6 4 31 32 30 35 33 34 3 17 2 18 19 16 15 14 13 12 10 11 8 7 9 39 38 37 36 28 29 20 21 22 23 24 25 26 27 5 1
94 1678.665 1 6 4 31 32 30 35 33 34 3 17 2 18 19 16 15 14 13 12 10 11 8 7 9 39 38 37 36 28 29 20 21 22 23 24 25 26 27 5 1
95 1678.665 1 6 4 31 32 30 35 33 34 3 17 2 18 19 16 15 14 13 12 10 11 8 7 9 39 38 37 36 28 29 20 21 22 23 24 25 26 27 5 1
96 1678.665 1 6 4 31 32 30 35 33 34 3 17 2 18 19 16 15 14 13 12 10 11 8 7 9 39 38 37 36 28 29 20 21 22 23 24 25 26 27 5 1
97 1678.665 1 6 4 31 32 30 35 33 34 3 17 2 18 19 16 15 14 13 12 10 11 8 7 9 39 38 37 36 28 29 20 21 22 23 24 25 26 27 5 1
98 1678.665 1 6 4 31 32 30 35 33 34 3 17 2 18 19 16 15 14 13 12 10 11 8 7 9 39 38 37 36 28 29 20 21 22 23 24 25 26 27 5 1
99 1678.665 1 6 4 31 32 30 35 33 34 3 17 2 18 19 16 15 14 13 12 10 11 8 7 9 39 38 37 36 28 29 20 21 22 23 24 25 26 27 5 1
100 1678.665 1 6 4 31 32 30 35 33 34 3 17 2 18 19 16 15 14 13 12 10 11 8 7 9 39 38 37 36 28 29 20 21 22 23 24 25 26 27 5 1
