1 913.557
2 913.557
3 913.557
4 913.557
5 913.557
6 909.578
7 909.578
8 909.578
9 903.171
10 903.171
11 903.171
12 903.171
13 903.171
14 903.171
15 903.171
16 903.171
17 903.171
18 903.171
19 903.171
20 903.171
21 903.171
22 903.171
23 903.171
24 903.171
25 903.171
26 903.171
27 903.171
28 903.171
29 903.171
30 903.171
31 903.171
32 903.171
33 903.171
34 903.171
35 903.171
36 903.171
37 903.171
38 903.171
39 903.171
40 903.171
41 903.171
42 903.171
43 903.171
44 903.171
45 903.171
46 903.171
47 903.171
48 903.171
49 903.171
50 903.171
51 903.171
52 903.171
53 903.171
54 903.171
55 903.171
56 903.171
57 903.171
58 903.171
59 903.171
60 903.171
61 903.171
62 903.171
63 903.171
64 903.171
65 903.171
66 903.171
67 903.171
68 903.171
69 903.171
70 903.171
71 903.171
72 903.171
73 903.171
74 903.171
75 903.171
76 903.171
77 903.171
78 903.171
79 903.171
80 903.171
81 903.171
82 903.171
83 903.171
84 903.171
85 903.171
86 903.171
87 903.171
88 903.171
89 903.171
90 903.171
91 903.171
92 903.171
93 903.171
94 903.171
95 903.171
96 903.171
97 903.171
98 903.171
99 903.171
100 903.171
