1 913.557 1 8 5 2 7 4 6 10 3 9 1
2 913.557 1 8 5 2 7 4 6 10 3 9 1
3 913.557 1 8 5 2 7 4 6 10 3 9 1
4 913.557 1 8 5 2 7 4 6 10 3 9 1
5 913.557 1 8 5 2 7 4 6 10 3 9 1
6 909.578 1 9 3 6 10 4 7 2 5 8 1
7 909.578 1 9 3 6 10 4 7 2 5 8 1
8 909.578 1 9 3 6 10 4 7 2 5 8 1
9 903.171 1 9 3 10 4 6 5 2 7 8 1
10 903.171 1 9 3 10 4 6 5 2 7 8 1
11 903.171 1 9 3 10 4 6 5 2 7 8 1
12 903.171 1 9 3 10 4 6 5 2 7 8 1
13 903.171 1 9 3 10 4 6 5 2 7 8 1
14 903.171 1 9 3 10 4 6 5 2 7 8 1
15 903.171 1 9 3 10 4 6 5 2 7 8 1
16 903.171 1 9 3 10 4 6 5 2 7 8 1
17 903.171 1 9 3 10 4 6 5 2 7 8 1
18 903.171 1 9 3 10 4 6 5 2 7 8 1
19 903.171 1 9 3 10 4 6 5 2 7 8 1
20 903.171 1 9 3 10 4 6 5 2 7 8 1
21 903.171 1 9 3 10 4 6 5 2 7 8 1
22 903.171 1 9 3 10 4 6 5 2 7 8 1
23 903.171 1 9 3 10 4 6 5 2 7 8 1
24 903.171 1 9 3 10 4 6 5 2 7 8 1
25 903.171 1 9 3 10 4 6 5 2 7 8 1
26 903.171 1 9 3 10 4 6 5 2 7 8 1
27 903.171 1 9 3 10 4 6 5 2 7 8 1
28 903.171 1 9 3 10 4 6 5 2 7 8 1
29 903.171 1 9 3 10 4 6 5 2 7 8 1
30 903.171 1 9 3 10 4 6 5 2 7 8 1
31 903.171 1 9 3 10 4 6 5 2 7 8 1
32 903.171 1 9 3 10 4 6 5 2 7 8 1
33 903.171 1 9 3 10 4 6 5 2 7 8 1
34 903.171 1 9 3 10 4 6 5 2 7 8 1
35 903.171 1 9 3 10 4 6 5 2 7 8 1
36 903.171 1 9 3 10 4 6 5 2 7 8 1
37 903.171 1 9 3 10 4 6 5 2 7 8 1
38 903.171 1 9 3 10 4 6 5 2 7 8 1
39 903.171 1 9 3 10 4 6 5 2 7 8 1
40 903.171 1 9 3 10 4 6 5 2 7 8 1
41 903.171 1 9 3 10 4 6 5 2 7 8 1
42 903.171 1 9 3 10 4 6 5 2 7 8 1
43 903.171 1 9 3 10 4 6 5 2 7 8 1
44 903.171 1 9 3 10 4 6 5 2 7 8 1
45 903.171 1 9 3 10 4 6 5 2 7 8 1
46 903.171 1 9 3 10 4 6 5 2 7 8 1
47 903.171 1 9 3 10 4 6 5 2 7 8 1
48 903.171 1 9 3 10 4 6 5 2 7 8 1
49 903.171 1 9 3 10 4 6 5 2 7 8 1
50 903.171 1 9 3 10 4 6 5 2 7 8 1
51 903.171 1 9 3 10 4 6 5 2 7 8 1
52 903.171 1 9 3 10 4 6 5 2 7 8 1
53 903.171 1 9 3 10 4 6 5 2 7 8 1
54 903.171 1 9 3 10 4 6 5 2 7 8 1
55 903.171 1 9 3 10 4 6 5 2 7 8 1
56 903.171 1 9 3 10 4 6 5 2 7 8 1
57 903.171 1 9 3 10 4 6 5 2 7 8 1
58 903.171 1 9 3 10 4 6 5 2 7 8 1
59 903.171 1 9 3 10 4 6 5 2 7 8 1
60 903.171 1 9 3 10 4 6 5 2 7 8 1
61 903.171 1 9 3 10 4 6 5 2 7 8 1
62 903.171 1 9 3 10 4 6 5 2 7 8 1
63 903.171 1 9 3 10 4 6 5 2 7 8 1
64 903.171 1 9 3 10 4 6 5 2 7 8 1
65 903.171 1 9 3 10 4 6 5 2 7 8 1
66 903.171 1 9 3 10 4 6 5 2 7 8 1
67 903.171 1 9 3 10 4 6 5 2 7 8 1
68 903.171 1 9 3 10 4 6 5 2 7 8 1
69 903.171 1 9 3 10 4 6 5 2 7 8 1
70 903.171 1 9 3 10 4 6 5 2 7 8 1
71 903.171 1 9 3 10 4 6 5 2 7 8 1
72 903.171 1 9 3 10 4 6 5 2 7 8 1
73 903.171 1 9 3 10 4 6 5 2 7 8 1
74 903.171 1 9 3 10 4 6 5 2 7 8 1
75 903.171 1 9 3 10 4 6 5 2 7 8 1
76 903.171 1 9 3 10 4 6 5 2 7 8 1
77 903.171 1 9 3 10 4 6 5 2 7 8 1
78 903.171 1 9 3 10 4 6 5 2 7 8 1
79 903.171 1 9 3 10 4 6 5 2 7 8 1
80 903.171 1 9 3 10 4 6 5 2 7 8 1
81 903.171 1 9 3 10 4 6 5 2 7 8 1
82 903.171 1 9 3 10 4 6 5 2 7 8 1
83 903.171 1 9 3 10 4 6 5 2 7 8 1
84 903.171 1 9 3 10 4 6 5 2 7 8 1
85 903.171 1 9 3 10 4 6 5 2 7 8 1
86 903.171 1 9 3 10 4 6 5 2 7 8 1
87 903.171 1 9 3 10 4 6 5 2 7 8 1
88 903.171 1 9 3 10 4 6 5 2 7 8 1
89 903.171 1 9 3 10 4 6 5 2 7 8 1
90 903.171 1 9 3 10 4 6 5 2 7 8 1
91 903.171 1 9 3 10 4 6 5 2 7 8 1
92 903.171 1 9 3 10 4 6 5 2 7 8 1
93 903.171 1 9 3 10 4 6 5 2 7 8 1
94 903.171 1 9 3 10 4 6 5 2 7 8 1
95 903.171 1 9 3 10 4 6 5 2 7 8 1
96 903.171 1 9 3 10 4 6 5 2 7 8 1
97 903.171 1 9 3 10 4 6 5 2 7 8 1
98 903.171 1 9 3 10 4 6 5 2 7 8 1
99 903.171 1 9 3 10 4 6 5 2 7 8 1
100 903.171 1 9 3 10 4 6 5 2 7 8 1
