Instance name:    bar-n1000-1
Authors:          PDPTW Solver
Date:             2025-11-20
Reference:        LNS with SA/RTR
Solution
Route 1 : 170 670 348 848 428 133 349 849 633 928 276 116 616 776 283 783 290 790
Route 2 : 93 593 419 919 408 908 379 879 128 628 140 640 173 673
Route 3 : 16 323 516 823 203 280 703 207 780 294 366 707 794 866 312 274 774 812 406 906
Route 4 : 215 48 548 715 73 573 450 950 304 804 356 278 778 856 80 11 511 219 719 580
Route 5 : 183 683 436 936 435 37 935 270 770 231 537 731 422 922
Route 6 : 70 418 918 570 258 81 581 758 372 872 71 571 480 980 108 608 153 272 772 653
Route 7 : 105 605 286 786 318 818 104 604 407 907 250 750 424 475 975 924
Route 8 : 395 29 529 895 107 320 820 607 196 696 261 25 240 740 525 102 602 761
Route 9 : 181 681 353 853 275 49 549 775 117 485 168 985 617 668 216 716 452 952
Route 10 : 182 429 929 346 846 26 526 324 824 281 781 682 327 19 519 827 214 161 661 714
Route 11 : 212 712 310 810 2 502 17 517 249 388 888 749 238 738 405 905
Route 12 : 230 730 201 354 854 701 185 685 343 28 528 303 843 803 9 509
Route 13 : 492 18 518 155 655 992 279 59 559 236 736 779 360 860
Route 14 : 426 926 210 234 24 524 710 251 751 385 885 51 551 734 90 590
Route 15 : 159 113 613 220 720 58 558 659 482 982 377 457 957 877 260 760 255 755
Route 16 : 39 539 152 57 557 652 326 287 787 826 188 338 838 688
Route 17 : 335 184 684 835 308 808 175 675 387 229 729 887 55 555 484 984 389 889
Route 18 : 381 881 293 793 468 50 259 550 968 759 171 47 547 671 440 940
Route 19 : 496 476 976 996 383 883 72 394 894 160 660 572 299 15 799 515
Route 20 : 264 474 974 764 282 239 739 75 782 478 978 575 14 514 333 127 627 833 445 945
Route 21 : 7 344 844 507 316 816 189 689 332 465 832 269 965 769 313 813 120 620
Route 22 : 82 288 454 954 788 582 402 902 204 704 461 442 942 109 961 302 802 609
Route 23 : 167 667 154 211 711 654 390 890 367 867
Route 24 : 95 595 330 830 361 99 599 861 493 993 300 371 871 800 257 757 78 578
Route 25 : 295 795 460 141 641 268 960 768 434 934 94 594 174 674
Route 26 : 130 67 567 630 462 45 545 345 845 962 489 989 193 693 34 534
Route 27 : 441 56 556 941 198 698 20 520 500 1000 265 1 501 765
Route 28 : 285 98 598 785 186 686 467 967 77 142 642 577 398 199 898 699
Route 29 : 456 956 472 972 363 232 863 732 399 328 899 828 352 221 721 262 762 852
Route 30 : 194 157 657 694 427 927 111 611 84 584 226 85 585 726 368 868 486 986
Route 31 : 271 771 63 563 423 277 777 923 31 531 315 815 292 87 587 792
Route 32 : 136 636 38 538 410 910 177 677 488 988 409 53 553 909
Route 33 : 202 143 643 702 180 200 700 208 708 680 191 248 748 691 267 767 433 430 930 933
Route 34 : 178 678 217 717 41 541 439 163 663 939 176 676 10 510
Route 35 : 382 882 417 60 560 917 135 635 146 646 166 666 375 875 350 850
Route 36 : 479 979 224 213 713 724 164 664 62 562 27 527 471 296 796 971 495 995
Route 37 : 384 884 497 241 741 997 415 915 340 840 455 266 766 955 498 998
Route 38 : 317 373 873 817 243 743 311 811 369 132 632 869 376 876 156 656
Route 39 : 396 896 227 727 437 162 937 662 403 903 46 546 44 544
Route 40 : 151 76 576 651 411 911 319 819 329 829 225 52 552 725 172 672
Route 41 : 13 187 687 513 273 237 123 623 370 870 773 66 74 574 566 364 864 737
Route 42 : 404 904 458 958 416 916 446 425 925 946 449 949 487 987 124 624
Route 43 : 235 735 21 521 147 647 412 912 139 639 30 91 591 530 438 938
Route 44 : 309 131 631 809 103 414 914 603 119 619 92 592 129 473 973 629 79 579
Route 45 : 222 722 374 874 205 705 413 913 54 83 583 554 40 540 33 291 791 533
Route 46 : 494 432 932 994 97 137 637 597 3 503 297 115 615 797
Route 47 : 242 431 393 893 931 42 542 466 966 742 88 339 839 588 386 886
Route 48 : 284 784 392 892 244 334 744 834 400 900 358 858 69 569 355 855
Route 49 : 197 380 880 697 114 614 61 453 953 561 89 589 254 464 754 964
Route 50 : 43 543 149 357 857 649 218 122 622 718 110 68 568 610 321 821 12 512
Route 51 : 245 745 65 565 421 921 451 391 951 134 634 891 336 836 306 806 86 586
Route 52 : 118 618 36 536 483 190 365 865 690 983 126 626 359 298 798 859
Route 53 : 490 990 247 747 448 477 977 948 233 733 8 508 192 692 305 805 228 728
Route 54 : 150 650 223 723 96 596 6 506 499 999 35 535 420 920 169 463 963 669
Route 55 : 165 665 301 112 612 801 470 23 523 970 378 878 121 341 841 621 397 897
Route 56 : 100 600 145 645 4 125 625 331 504 253 753 831 138 638 401 901
Route 57 : 362 862 469 969 447 947 158 101 601 658 347 342 842 179 679 847
Route 58 : 64 564 444 944 459 959 322 822 256 756 491 991 144 246 746 644
Route 59 : 148 648 263 763 252 752 325 825 351 851 106 606 337 837 289 5 505 789
Route 60 : 307 22 522 807 443 943 481 981 195 695 206 314 814 706 209 32 532 709
