Instance name:    bar-n1000-1
Authors:          PDPTW Solver
Date:             2025-11-20
Reference:        LNS with SA/RTR
Solution
Route 1 : 479 148 648 979 96 596 103 603 185 685 160 660 327 827 376 876 124 624
Route 2 : 404 904 454 954 441 941 482 982 465 132 965 632 237 333 833 120 737 620
Route 3 : 95 595 112 612 361 861 365 865 434 934 473 973 225 174 725 674
Route 4 : 70 570 418 918 24 483 524 57 557 983 158 658 40 540 488 988 484 984
Route 5 : 444 944 477 977 218 718 146 162 662 646 5 505 79 579
Route 6 : 309 809 317 817 325 825 459 959 3 68 568 503 12 492 992 512
Route 7 : 235 735 21 521 421 474 974 921 250 750 420 920 486 69 569 986
Route 8 : 82 582 210 133 633 710 17 517 249 749 110 610 321 338 838 821
Route 9 : 130 381 881 630 45 545 394 894 20 520 91 591 342 842 86 463 963 586
Route 10 : 100 600 145 645 4 504 6 59 506 559 297 165 665 797 422 922
Route 11 : 273 773 432 81 581 932 61 561 134 634 248 748 464 964 153 653
Route 12 : 22 522 348 848 241 741 268 768 98 366 449 949 866 226 726 220 720 598
Route 13 : 181 681 80 183 64 564 683 62 562 489 989 66 406 906 566 307 807 580
Route 14 : 476 976 180 680 416 916 451 951 377 877 442 942 254 754 161 661
Route 15 : 113 357 857 613 42 396 896 542 294 175 675 794 255 755 169 669
Route 16 : 9 509 354 373 873 854 435 211 711 935 339 839 312 812 291 791
Route 17 : 136 636 167 468 968 667 55 555 260 760 298 798 34 534
Route 18 : 411 911 195 695 437 937 256 756 43 543 219 719
Route 19 : 284 29 529 784 186 686 446 54 554 946 127 52 552 627 173 673
Route 20 : 118 618 18 518 223 723 259 71 571 340 840 74 574 759 292 792 424 924
Route 21 : 215 715 412 912 417 60 917 560 499 999 456 956 257 757 144 32 532 644
Route 22 : 65 565 316 816 190 478 978 690 191 691 172 216 716 461 961 672
Route 23 : 184 684 178 678 460 75 575 467 960 967 287 787 500 1000 1 501
Route 24 : 159 659 447 947 419 239 739 919 137 637 314 299 799 814 156 656
Route 25 : 472 490 990 972 111 331 611 41 253 753 541 831 360 860
Route 26 : 164 664 48 548 277 470 970 777 439 236 736 939 288 788 44 544
Route 27 : 330 830 458 958 39 539 31 531 387 188 887 270 770 688 364 864
Route 28 : 335 835 428 189 689 928 104 604 400 900 121 403 903 621 323 823
Route 29 : 7 507 346 846 201 200 701 700 117 311 811 617 129 142 642 46 546 629
Route 30 : 53 457 957 205 705 125 625 399 234 734 899 85 585 341 553 841 265 765
Route 31 : 222 722 247 747 26 526 2 502 233 733 77 369 869 577 409 909 445 945
Route 32 : 293 793 63 563 414 914 308 808 135 635 493 993 238 33 533 738 405 905
Route 33 : 56 556 318 23 523 818 415 915 14 514 371 871 289 789 231 731
Route 34 : 362 862 469 969 36 232 536 732 466 966 84 584 347 491 991 262 847 762
Route 35 : 344 844 429 929 155 655 462 962 370 870 304 804 138 140 640 638 90 590
Route 36 : 73 573 224 285 785 724 275 413 913 775 101 601 326 826 278 778 368 868
Route 37 : 496 996 47 547 244 258 758 99 599 744 19 171 519 671 290 350 850 790
Route 38 : 109 108 609 349 849 382 882 608 154 654 51 551 438 938
Route 39 : 11 194 694 511 363 863 27 328 828 527 303 102 602 803 367 867
Route 40 : 105 605 301 801 497 997 49 549 196 696 152 652 266 766 115 615
Route 41 : 187 393 687 893 448 198 698 948 334 834 315 815 487 987 398 898
Route 42 : 97 170 670 597 228 728 401 901 72 83 583 572 37 392 892 313 537 813
Route 43 : 271 771 214 714 345 390 890 845 116 616 193 693 386 886 274 774
Route 44 : 440 940 93 593 123 623 279 407 907 379 879 779
Route 45 : 272 772 427 927 383 883 207 119 619 106 8 707 508 606 166 666 87 587
Route 46 : 141 197 76 576 697 641 107 607 38 538 408 908 261 25 240 740 525 761 355 855
Route 47 : 16 516 320 203 703 243 743 820 28 528 358 858 375 875 179 679
Route 48 : 151 651 88 588 280 780 485 985 128 628 35 535 455 955 78 578
Route 49 : 395 895 443 943 481 981 410 910 168 668 337 837 495 995
Route 50 : 143 643 286 786 202 702 372 872 206 329 343 843 829 471 706 971
Route 51 : 245 264 764 745 204 704 281 781 276 776 15 515 498 998
Route 52 : 150 650 213 713 58 558 319 423 923 819 163 663 269 302 802 769 452 952
Route 53 : 212 712 402 902 229 729 351 851 192 126 626 306 806 692 475 975
Route 54 : 426 926 217 717 114 614 50 550 480 300 980 800 296 796 389 889
Route 55 : 353 853 252 384 884 752 122 622 177 677 385 885 176 676 10 510
Route 56 : 380 182 682 880 310 810 139 639 378 878 359 242 742 859
Route 57 : 157 657 374 874 149 649 282 782 433 933 30 94 530 594 283 783 209 709
Route 58 : 431 295 795 931 324 824 425 925 89 92 592 589 305 13 513 805
Route 59 : 397 897 227 727 450 950 322 822 356 453 953 856 199 352 852 699
Route 60 : 230 730 131 631 246 746 147 647 208 708 251 751 388 888 221 721
Route 61 : 67 567 494 263 763 994 391 436 332 832 936 891 336 836 267 767 430 930
