Instance name:    bar-n200-1
Authors:          PDPTW Solver
Date:             2025-11-20
Reference:        LNS with SA/RTR
Solution
Route 1 : 12 24 124 112 99 199 35 85 185 135
Route 2 : 3 62 162 103 5 105
Route 3 : 61 26 161 84 126 184 41 141
Route 4 : 69 169 96 196 11 83 183 111
Route 5 : 21 2 102 121 67 167 20 120
Route 6 : 81 181 7 76 176 107 44 59 159 144
Route 7 : 63 19 22 163 119 122 91 46 146 191
Route 8 : 27 127 47 147 89 189 73 173
Route 9 : 60 45 145 160 9 109
Route 10 : 4 29 129 104 30 43 143 18 130 118
Route 11 : 98 198 93 193 72 25 125 172
Route 12 : 17 117 49 149 14 114 71 171 80 180
Route 13 : 75 37 175 13 97 137 197 113
Route 14 : 42 79 66 142 179 166 87 187 70 170
Route 15 : 95 195 78 1 90 190 101 178
Route 16 : 8 6 106 77 177 108 58 158
Route 17 : 23 82 123 182 88 188 16 116
Route 18 : 65 53 165 100 200 28 128 38 138 153
Route 19 : 15 115 33 56 92 192 156 133
Route 20 : 39 139 94 32 194 132 40 140
Route 21 : 10 110 51 151 86 186 64 164
Route 22 : 50 150 34 134
Route 23 : 54 154 52 152 48 148 31 131
Route 24 : 55 57 157 155 68 168 74 174 36 136
