Instance name:    bar-n200-4
Authors:          PDPTW Solver
Date:             2025-11-21
Reference:        LNS with SA/RTR
Solution
Route 1 : 6 68 44 168 106 65 165 42 142 17 117 144
Route 2 : 13 113 73 89 173 16 116 32 189 132 56 156 28 128 2 102
Route 3 : 84 184 25 27 127 125 11 92 192 111 57 9 109 157 97 197
Route 4 : 83 93 193 183 31 131 95 43 195 45 145 143 74 174
Route 5 : 30 130 75 175 1 101 81 181 100 200 53 58 158 153
Route 6 : 29 129 4 38 138 61 161 104 77 34 24 124 177 60 160 134
Route 7 : 15 115 48 148 18 118 76 176 78 7 107 178 70 170
Route 8 : 94 69 169 71 171 99 194 199 26 23 123 126 46 67 167 146
Route 9 : 52 152 90 190 87 96 196 187 79 179 35 12 112 135
Route 10 : 80 62 162 91 191 180 3 59 159 103 66 166
Route 11 : 49 149 86 186 82 182 14 41 141 54 154 88 188 114
Route 12 : 19 21 121 85 185 36 136 37 119 33 63 137 163 133
Route 13 : 98 198 10 8 108 110 64 164 51 39 139 151 47 147
Route 14 : 72 172 5 105 20 120 40 140 55 155 50 150 22 122
