Instance name:    bar-n200-6
Authors:          PDPTW Solver
Date:             2025-11-21
Reference:        LNS with SA/RTR
Solution
Route 1 : 92 192 6 106 69 169 48 148 50 150 9 109 79 179
Route 2 : 80 180 74 174 60 17 117 160 33 133 72 172 61 99 199 42 142 161 78 178
Route 3 : 77 51 41 141 151 177 49 149 10 110 39 8 108 139 11 56 156 111 40 71 171 140 44 144
Route 4 : 57 157 24 1 124 101 82 7 107 20 120 182 76 176 93 193 32 83 183 132
Route 5 : 26 126 75 175 4 43 143 104
Route 6 : 13 113 3 54 154 55 155 103 14 88 188 65 165 114 97 197 38 2 102 138
Route 7 : 94 29 129 194 95 70 170 19 195 119 23 53 31 131 58 153 81 123 158 59 159 36 181 136
Route 8 : 62 162 22 122 98 198 86 186 63 163 91 191 25 37 100 200 137 125 21 47 121 64 147 164
Route 9 : 16 89 116 27 127 189 46 35 135 146 15 115 12 34 134 112 30 130 68 168 84 184 73 173
Route 10 : 28 90 190 128 67 167 52 45 145 152 5 105 87 187 85 185 96 196 66 166 18 118
