Instance name:    bar-n5000-1
Authors:          PDPTW Solver
Date:             2025-11-20
Reference:        LNS with SA/RTR
Solution
Route 1 : 2359 315 2815 1570 4070 1718 4859 4218 2092 4592 2372 627 3127 4872
Route 2 : 2060 4560 2159 2361 4861 4659 2407 4907 1365 291 2791 2327 4827 3865 722 3222 1672 4172
Route 3 : 379 319 2437 4937 220 2819 2268 2720 4768 1688 4188 2879 760 1196 3696 3260
Route 4 : 1466 3966 1252 3752 2463 4963 1354 1889 4389 3854 811 256 2756 3311
Route 5 : 1899 4399 2061 4561 1121 38 2538 2278 832 4778 3332 2180 4680 3621 1349 3849 1642 1280 3780 4142
Route 6 : 1821 4321 113 2613 1692 929 3429 4192 50 2550 1254 3754
Route 7 : 423 857 3357 1425 3925 856 2923 1652 4152 3356 962 3462 2039 4539 1793 4293 42 2542
Route 8 : 842 848 3348 650 3150 3342 1297 3797 995 608 3108 3495 1003 3503 924 1083 3583 3424
Route 9 : 1141 1885 4385 3641 1063 354 2854 3563 2244 586 852 3352 3086 873 3373 4744 2011 4511 2016 4516
Route 10 : 1296 3796 1988 4488 880 3380 339 2839 2320 4820 1051 3551 2037 4537 700 3200
Route 11 : 687 3187 329 2829 761 3261 1867 4367 1678 1743 4243 4178 1523 1820 4320 1481 4023 672 3172 3981 284 2784
Route 12 : 2488 4988 2008 1232 3732 4508 1488 1897 4397 3988 1960 4460 87 2587
Route 13 : 1840 1147 3647 2429 4929 4340 2332 4832 819 1539 4039 3319 1917 1222 3722 4417 14 2514
Route 14 : 1980 4480 2088 4588 1424 3924 724 2132 3224 1665 4165 1434 3934 851 4632 3351 590 3090
Route 15 : 1170 3670 166 112 2612 2666 1756 4256 412 1030 3530 167 2667 713 3213 2912 1303 3803 462 2962
Route 16 : 2322 4822 1856 4356 1403 3903 2250 977 3477 4750 1353 1653 3853 4153 1438 3938 1861 4361
Route 17 : 545 3045 932 3432 2015 4515 2093 4593 902 1329 1498 3998 3829 3402 1347 3847 1567 4067
Route 18 : 1952 4452 1511 986 4011 3486 980 3480 450 2950 1844 4344 1832 4332 79 2579 2089 4589
Route 19 : 558 3058 192 2692 2298 4798 615 3115 1592 662 1246 3746 3162 4092 2131 4631
Route 20 : 1955 2064 4564 4455 289 1618 4118 2193 4693 1910 4410 135 2635 2789 1104 1509 4009 3604
Route 21 : 501 3001 301 1650 4150 2433 153 2653 4933 74 2801 2574 1819 4319 1983 1486 3986 4483
Route 22 : 2337 4837 1568 4068 29 2529 872 3372 1571 2023 4523 1853 4071 4353 130 2630 836 3336
Route 23 : 268 2768 346 2846 1433 1971 4471 3933 2168 4668 1461 3961 1139 439 2939 1697 3639 4197
Route 24 : 693 3193 1624 4124 1006 1633 4133 3506 1143 3643 2432 4932 1270 3770
Route 25 : 490 2990 1019 1446 3519 1330 3830 2153 752 3252 3946 2494 1387 4653 3887 4994 1067 3567
Route 26 : 1472 3972 2138 4638 825 3325 2106 747 4606 3247 266 2487 4987 2766 1443 2189 4689 3943
Route 27 : 1648 4148 584 775 3275 3084 1600 2014 4100 4514 1423 2333 4833 3923 1716 1392 3892 4216
Route 28 : 2316 4816 1905 4405 1276 1369 3869 789 1491 3991 3289 1746 4246 3776 169 2140 4640 2669
Route 29 : 2477 353 2853 4977 1679 4179 1272 3772 1021 223 2723 3521 1084 3584 1138 3638 772 3272 56 2556
Route 30 : 871 3371 1969 4469 510 3010 1685 4185 349 2849 238 2738 765 1735 4235 3265
Route 31 : 2427 849 3349 4927 2034 361 2861 4534 373 2873 1274 3774 1227 3727
Route 32 : 2213 4713 523 3023 1947 4447 1845 4345 383 513 3013 732 2883 3232 1031 3531 2293 4793 1973 4473 530 3030
Route 33 : 535 3035 317 224 2724 2817 1189 3689 363 154 2654 2863 2373 4873 694 840 3340 3194 421 2921
Route 34 : 2237 733 3233 591 3091 4737 2063 1799 4299 4563 1441 952 3452 467 2967 3941 1563 4063
Route 35 : 882 3382 1560 4060 1528 4028 1731 4231 583 3083 891 3391 1022 3522 232 2732 204 2704 620 3120
Route 36 : 680 3180 2354 4854 1977 4477 2068 4568 441 967 3467 702 3202 1948 2941 4448 533 3033
Route 37 : 2152 564 4652 3064 1336 3836 1194 3694 312 2812 2301 2211 4711 4801 2218 4718
Route 38 : 1901 343 2843 901 3401 4401 1186 3686 868 3368 212 2712 1780 4280 2426 1314 3814 4926 1435 3935
Route 39 : 771 3271 1595 4095 2299 4799 1102 1155 3655 2071 4571 3602 689 3189 1846 4346
Route 40 : 1667 4167 2371 1834 4334 4871 2174 141 2641 191 1385 3885 742 3242 4674 2691 449 1769 4269 2949
Route 41 : 1576 4076 1822 1442 3942 738 3238 1011 3511 4322 408 2908
Route 42 : 799 3299 711 3211 729 3229 1985 4485 831 1421 3921 3331 1151 57 2557 3651 1129 3629
Route 43 : 2319 2495 4995 4819 2082 4582 1827 4327 888 3388 1886 4386 1887 4387 695 3195
Route 44 : 783 2280 4780 3283 1024 1544 4044 2419 3524 1162 3662 1841 267 2767 4341 2009 4509 4919 1475 3975
Route 45 : 2084 4584 1117 82 2582 28 2528 3617 1087 3587 303 2803 1811 4311 91 2591 1069 228 2728 3569
Route 46 : 1599 2306 4806 4099 283 2783 944 3444 1703 1320 3820 1250 3750 4203 1639 4139
Route 47 : 1439 1229 3729 2184 3939 4684 1865 4365 528 2118 4618 3028 1668 4168 39 2539 930 1974 4474 3430
Route 48 : 1110 3610 1575 4075 1278 3778 34 2534 1711 4211 330 2830 690 3190 787 3287 1782 1629 4129 4282
Route 49 : 2259 4759 904 3404 1409 3909 488 2988 1383 3883 544 3044 1262 2158 4658 3762 683 3183 1843 4343
Route 50 : 2499 4999 749 3249 32 2532 2305 4805 1036 3536 2281 2151 4651 4781 837 3337 2013 1611 4513 4111
Route 51 : 2046 89 2589 4546 402 2902 1154 1351 3851 3654 1406 3906 1594 4094 190 2690 1957 4457 1709 4209
Route 52 : 1881 4381 307 2807 905 161 2661 3405 763 1696 4196 3263 2383 1727 4227 4883 2393 4893 2070 4570 388 2888
Route 53 : 347 2847 534 3034 1010 500 3510 1105 3000 1536 4036 3605 1377 3877 685 3185 1512 4012
Route 54 : 1521 4021 1120 3620 1025 3525 1828 4328 1114 3614 1954 1028 3528 4454 2119 1609 4109 4619
Route 55 : 1729 4229 1513 4013 2027 4527 830 250 2750 3330 779 3279 2059 4559 265 2765
Route 56 : 1916 2031 4531 4416 917 1356 3856 1902 17 2517 4402 912 1071 3412 3417 1256 3756 463 3571 2963 117 2617
Route 57 : 2279 4779 2275 4775 758 1790 4290 3258 437 2937 1483 3983 8 2508 1625 4125 1936 4436
Route 58 : 607 3107 688 3188 1338 3838 1792 2481 4292 4981 1275 3775 879 603 3103 3379 16 2516 1091 3591
Route 59 : 682 3182 1382 3882 592 3092 1657 4157 1263 3763 1207 2239 4739 1857 4357 3707 698 934 3434 3198 506 3006
Route 60 : 1577 35 2535 707 3207 4077 1372 3872 719 3219 362 2862 274 2774 85 2585 551 3051
Route 61 : 2130 4630 896 3396 606 3106 1768 4268 306 2806 1807 1239 4307 2115 4615 3739
Route 62 : 1682 380 2880 4182 2097 1420 3920 4597 170 2670 1557 4057 19 11 2511 2519 675 3175
Route 63 : 293 2793 691 3191 777 1004 3504 3277 2474 4974 795 597 3097 3295 1898 4398
Route 64 : 1938 4438 2010 1283 3783 4510 943 2357 3443 4857 2321 734 3234 4821 1288 68 2568 3788
Route 65 : 1981 1507 4007 4481 1386 3886 493 1826 4326 1216 3716 2993 866 3366 1736 1892 4236 4392 252 2271 2403 4903 4771 2752
Route 66 : 2447 4947 116 2616 1123 1160 2057 4557 3660 1034 3534 316 2816 3623 1009 3509 147 2647
Route 67 : 1773 4273 2461 4961 611 701 2350 3201 3111 387 2887 1209 4850 3709 2101 4601 963 2493 4993 3463
Route 68 : 2334 1050 3550 1868 4368 205 2705 4834 2113 4613 2349 4849
Route 69 : 416 49 2549 2916 2470 4970 1502 4002 1875 4375 233 2733 2443 4943
Route 70 : 2356 1153 1221 3653 3721 1146 3646 4856 1597 2227 647 3147 4097 1504 4004 4727 881 3381 1705 4205
Route 71 : 2414 4914 378 78 2578 2878 505 3005 1606 1770 4270 1376 3876 1240 3740 4106 1655 4155 365 2865 1835 4335
Route 72 : 1301 3801 764 859 3359 3264 1922 4422 2144 923 781 4644 3281 3423 1764 4264 2175 480 2980 4675
Route 73 : 845 360 2860 3345 1312 1637 3812 2441 4941 486 1754 4254 4137 2986 2291 4791
Route 74 : 2214 854 843 3343 4714 340 3354 2840 2099 4599 2231 1546 4731 162 2662 4046
Route 75 : 1205 1990 4490 1894 4394 3705 1659 4159 1261 723 3223 3761 1417 788 2421 3917 4921 2285 4785 2353 3288 4853
Route 76 : 2169 4669 1693 4193 2017 4517 1465 271 2771 751 3251 792 3292 3965 1212 3712 1255 3755 428 2928
Route 77 : 2422 4922 7 2507 1448 3948 778 3278 71 2571 1968 4468 273 2773 806 3306 576 3076
Route 78 : 638 3138 1579 4079 2394 4894 1664 955 3455 4164 2482 213 2713 4982 1325 748 3248 3825 624 3124
Route 79 : 2380 4880 1414 2145 3914 15 2515 436 2936 2448 4645 4948 12 2512 803 3303
Route 80 : 1402 3902 569 3069 2020 1266 3766 1315 4520 1257 3757 3815 1877 4377 820 3320 1860 4360 1225 3725
Route 81 : 176 2676 2195 4695 280 2780 1647 4147 511 3011 1876 4376 1805 4305
Route 82 : 1923 2226 4726 2083 4583 4423 604 1014 3514 3104 1578 240 2740 4078 2272 4772 1337 1878 4378 559 3059 3837
Route 83 : 858 1064 1291 3791 677 3564 3358 970 3470 3177 560 237 2737 3060 36 2536
Route 84 : 1882 1505 4005 928 3428 827 3327 935 2446 4946 3435 1213 3713 481 2981 1605 4382 4105
Route 85 : 1699 556 4199 1591 4091 1131 3631 1725 4225 3056 1214 1444 3944 3714 2491 4991 1045 455 3545 2955
Route 86 : 2095 4595 1802 4302 926 3426 98 2598 1005 3505 2310 4810 1816 976 3476 4316
Route 87 : 1012 659 3159 3512 1879 4379 1833 4333 1991 4491 61 2254 4754 2561 2065 4565 2276 4776 2343 4843
Route 88 : 1707 1810 4310 4207 580 2103 4603 3080 1411 2157 4657 1524 4024 3911 2300 4800 1704 4204 258 2758
Route 89 : 651 3151 1919 4419 264 2764 358 2163 4663 786 3286 2858 1192 797 3692 2000 4500 1219 3297 3719 1187 3687
Route 90 : 364 2864 2399 4899 1179 3679 351 1893 4393 2851 546 3046 1334 3834 1903 4403 1107 1203 3703 3607
Route 91 : 474 2974 824 895 3395 3324 745 3245 422 2922 309 2809 184 2684 1918 4418
Route 92 : 992 3492 2217 452 2952 1251 3751 4717 619 3119 1093 3593 375 1100 3600 2875 741 3241
Route 93 : 960 3460 1215 3715 2114 4614 596 1210 3710 3096 2476 1492 3992 1032 3532 4976 1101 3601
Route 94 : 1452 639 3139 3952 1253 3753 355 2855 1744 1987 4487 400 2900 222 2722 4244 1946 4446 1367 981 3481 3867
Route 95 : 2058 4558 1724 189 2689 969 4224 1728 4228 3469 418 181 2681 2918 171 1374 3874 2671
Route 96 : 1495 3995 547 889 183 2683 3389 657 521 3021 3157 1108 3608 2283 4783 111 2611 3047 2172 4672 903 3403
Route 97 : 746 3246 2347 1748 4248 4847 877 3377 328 2828 2120 4620 2317 4817 894 81 2581 3394
Route 98 : 2238 4738 1750 1163 3663 4250 2389 4889 2386 1380 3880 791 3291 251 338 2838 2751 1585 4085 4886 1016 3516
Route 99 : 1132 1804 4304 3632 874 3374 1405 3905 1851 4351 1413 3913 215 2715 456 1534 2956 1677 4034 4177 1787 4287
Route 100 : 444 2944 1686 4186 1621 4121 2178 4678 2201 2416 4701 4916 568 3068
Route 101 : 1396 3896 2236 4736 459 195 2695 2240 4740 2959 886 1559 3386 4059 2219 4719 1958 668 3168 4458
Route 102 : 1859 4359 678 3178 1783 4283 1217 1169 3669 3717 1818 4318 1531 2292 4792 136 2636 1074 3574 4031
Route 103 : 2085 4585 1456 3956 951 3451 1228 3728 2096 2376 4876 128 2628 4596 524 3024 968 3468
Route 104 : 496 2996 239 2739 371 525 3025 582 893 3393 3082 2871 295 900 3400 2795 862 3362
Route 105 : 370 2870 699 3199 578 3078 2050 160 2660 4550 409 2909 63 2563 368 2868
Route 106 : 2212 2116 4616 4712 461 2961 1404 3904 585 3085 1317 3817 531 653 3153 389 3031 2889
Route 107 : 1690 4190 366 2866 1052 3552 133 1630 4130 2633 1993 4493 954 3454 1506 4006
Route 108 : 997 3497 1249 121 2621 3749 1482 3982 814 3314 1518 1963 4018 1638 1598 4098 4138 4463
Route 109 : 1490 3990 2208 4708 294 2794 2128 96 2596 4628 281 2781 1995 1175 4495 3675 425 2925
Route 110 : 1343 3843 667 1352 1310 3810 3852 3167 259 2759 1267 2390 4890 3767 1073 1419 3919 3573
Route 111 : 1590 4090 1368 1497 3997 3868 1501 4001 1794 2003 4503 4294 2233 64 2564 4733
Route 112 : 1476 3976 757 3257 1375 1072 3572 3875 2457 4957 25 2525 983 3483 2021 2135 4521 107 2607 4635
Route 113 : 1393 1989 4489 3893 2423 4923 1984 4484 2167 4667 1908 589 3089 4408 2165 1564 4064 4665 1177 3677 1181 3681
Route 114 : 2360 4860 1485 435 2935 527 3027 2123 4623 1459 73 2573 3959 2436 4936 3985 796 3296 53 2553
Route 115 : 2323 4823
Route 116 : 144 2644 1752 4252 994 3494 242 2742 674 2234 4734 3174 1379 3879 120 2620 399 2899
Route 117 : 458 24 2524 2958 320 2820 1070 37 2537 3570 333 2833 801 3301 1477 3977 2252 4752
Route 118 : 890 3390 876 2197 4697 2302 3376 4802 1525 4025 1866 4366
Route 119 : 417 2917 2251 47 2547 4751 908 3408 1344 3844 526 3026 1118 2066 4566 3618
Route 120 : 974 3474 2431 714 3214 1601 4101 907 4931 3407 1231 1933 4433 3731 1695 4195 438 2938
Route 121 : 1745 1635 4135 302 2802 4245 465 557 3057 2965 1914 2004 4504 4414 2379 4879 936 3436 2484 869 3369 4984
Route 122 : 1342 1763 4263 2382 4882 1300 3800 562 3062 3842 2369 1224 3724 4869 217 2717 2378 1838 4338 1013 3513 4878
Route 123 : 1355 3855 174 1791 4291 2674 2022 1747 4247 4522 2338 4838 1395 3895 288 2788 318 2818
Route 124 : 985 3485 622 3122 1847 4347 2042 473 4542 1554 4054 1463 1775 4275 356 2856 3963 1469 3969 2973
Route 125 : 1766 76 2576 4266 1134 3634 341 2473 2841 4973 413 2913 1674 4174
Route 126 : 1978 4478 679 3179 1172 3672 209 2709 712 3212 491 2991 1116 3616 972 3472 407 2907 2311 4811
Route 127 : 756 3256 709 3209 1389 3889 97 2597 1527 4027 1106 3606
Route 128 : 2485 2428 4928 1825 4325 1293 3793 1457 3957 4985 2404 1245 3745 4904 1515 4015
Route 129 : 602 51 3102 1628 2043 2551 4543 2325 4825 4128 1602 4102 2397 4897 940 3440 821 3321 390 2890
Route 130 : 275 2127 4627 88 2588 2775 1295 1279 1127 1965 3795 4465 3627 3779 313 2813 1039 3539
Route 131 : 705 2290 925 3425 4790 3205 1109 812 3609 3312 1556 4056 1358 3858 1719 4219 922 720 3220 3422
Route 132 : 696 1907 4407 3196 2137 4637 197 2697 735 3235 132 2632 1450 3950 1499 3999
Route 133 : 469 2969 311 430 2930 2811 504 3004 1041 3541 1078 3578 1363 2449 766 4949 108 2608 3863 3266
Route 134 : 335 914 3414 2835 206 2706 549 45 2545 3049 1941 4441 575 3075 1972 855 3355 4472
Route 135 : 270 1082 3582 134 2634 2770 2265 1399 3899 4765 1191 927 3691 3427 1115 3615
Route 136 : 979 3479 1122 1462 3962 3622 420 2920 2462 4962 1311 84 2584 3811 2387 4887 207 105 2605 2707
Route 137 : 432 2932 1732 4232 164 1730 4230 2664 1533 4033 2409 4909 1447 1236 3736 3947 1587 4087 296 2796
Route 138 : 1909 4409 1622 4122 2500 5000 1924 4424 1238 80 2580 3738 570 3070 697 1027 3527 3197
Route 139 : 2117 415 2915 1085 3585 4617 1059 784 3284 3559 996 3496 670 3170 1161 3661
Route 140 : 1416 3916 999 1307 3807 3499 2358 4858 984 3484 628 3128 2222 4722 946 3446 1158 3658 1717 4217
Route 141 : 2471 4971 2401 4901 2459 4959 1944 4444 2171 4671 2453 4953
Route 142 : 1113 1026 3526 3613 1986 1346 4486 1357 3846 3857 246 2746 1156 1658 4158 3656 1075 3575 2187 4687 2044 4544
Route 143 : 1144 1645 4145 3644 1043 3543 2330 173 4830 2673 1612 4112 1460 3960 1516 2192 4692 4016 2110 4610 1588 4088
Route 144 : 1373 3873 369 2869 1715 770 4215 3270 2464 4964 27 2527 2339 4839 1651 4151
Route 145 : 1394 3894 731 1233 3733 2204 3231 1964 6 2506 4464 1135 3635 4704 2146 2241 4741 4646
Route 146 : 2030 4530 1771 2469 4969 4271 885 3385 1479 1098 3598 337 1458 2837 3979 3958 1631 4131 1171 3671
Route 147 : 948 3448 1142 2391 4891 1927 4427 1432 3932 468 2968 3642 673 3173 1366 3866
Route 148 : 2136 4636 2368 4868 1259 3759 2486 4986 503 3003 1949 4449 1854 4354 245 2745
Route 149 : 445 2945 1053 3553 1081 3581 2041 1850 4350 4541 1931 863 3363 4431 2190 4690 566 3066 942 3442
Route 150 : 377 2877 263 626 3126 2763 2053 4553 129 127 2627 2629 325 2825 1333 3833 300 2800 115 2615
Route 151 : 1573 4073 2395 4895 2377 1694 4194 4877 1547 4047 226 1808 2726 4308 199 2304 4804 2699
Route 152 : 563 1470 581 3081 3970 3063 1890 2309 4809 1235 3735 4390 509 3009 298 2798 686 3186 853 3353
Route 153 : 2242 1823 4323 727 3227 4742 1478 2418 4918 3978 137 2637 1641 1148 3648 4141
Route 154 : 767 3267 1046 3546 255 1157 2755 1467 3657 477 2977 3967 1530 4030 2210 321 2821 4710 156 2656
Route 155 : 2274 4774 2345 4845 1023 3523 2430 4930 1608 41 2541 4108 1290 3790 1584 4084
Route 156 : 2228 1068 3568 4728 810 3310 2489 4989 1182 3682 1558 4058 1340 3840 55 2555 2183 4683 1520 4020
Route 157 : 376 2876 2466 621 3121 4966 94 841 2594 434 2091 4591 2934 440 93 3341 2593 2940
Route 158 : 1673 4173 804 1896 1864 4364 4396 838 3338 3304 148 2648 1364 3864
Route 159 : 2329 4829 2205 4705 1581 4081 1220 2255 4755 2235 4735 1852 3720 4352 203 2703 1494 3994
Route 160 : 1230 961 3461 660 988 3488 3160 808 3308 448 2948 278 2778 1126 3626 3730 219 2719 2077 4577
Route 161 : 165 2665 631 3131 1359 3859 540 883 3383 956 1514 4014 1445 3456 3945 277 2777 1496 151 2651 3996 3040
Route 162 : 22 2522 391 2891 664 3164 740 3240 2262 4762 1223 3723 1934 573 2352 3073 4852 4434 1930 4430 1197 3697
Route 163 : 2405 4905 1 2341 2501 1234 1348 3848 3734 1884 4841 4384 1111 3611 1550 4050 1282 3782 131 2631
Route 164 : 937 384 2884 959 3437 2452 3459 4952 1381 3881 2444 102 2602 4944 2313 4813 919 3419
Route 165 : 100 2600 2497 950 3450 846 3346 4997 2024 4524 1880 4380 2182 4682 1407 716 3216 3907
Route 166 : 2412 2025 4525 4912 95 2595 168 2668 2402 4902 457 2957 1166 3666 1503 656 3156 4003
Route 167 : 262 2762 1779 4279 1817 4317 1302 536 3036 3802 2049 4549 1739 4239 1935 4435 878 3378 1428 3928
Route 168 : 1741 4241 229 2729 276 2776 231 518 3018 2731 750 1269 3769 515 1749 3250 1391 3891 65 2565 3015 4249
Route 169 : 704 3204 1830 4330 2111 1970 4470 4611 2080 4580 336 1654 4154 2836
Route 170 : 805 470 2970 3305 1371 3871 1950 4450 1915 4415 1646 4146 593 3093 847 3347
Route 171 : 782 2375 4875 2289 4789 3282 990 3490 1906 4406 2480 4980 537 3037 1675 4175
Route 172 : 1681 625 3125 4181 1529 4029 2149 1562 1572 4649 4072 965 3465 4062 2073 4573 1613 4113
Route 173 : 1626 4126 800 272 1103 3603 2772 3300 2133 4633 529 3029 1015 1268 3768 3515 649 3149 1615 4115 1519 4019
Route 174 : 1226 1065 3726 253 3565 2753 641 3141 332 2832 708 138 2638 3208 489 2989 2107 4607
Route 175 : 1586 4086 2385 4885 2108 4608 1440 1152 3652 3940 1900 4400 1566 4066 839 2294 1149 3649 3339 4794
Route 176 : 577 3077 1956 4456 2315 4815 348 2848 287 2787 478 2978 1762 4262 211 2711 187 2687
Route 177 : 1713 1926 4426 26 2526 411 2911 4213 140 2640 2062 4562 1862 454 2954 4362 410 2910 2173 4673
Route 178 : 1755 4255 916 3416 1781 4281 773 3273 998 1378 3878 5 2505 3498 1789 4289 2284 4784
Route 179 : 561 3061 1060 3560 225 2725 644 3144 1047 3547 1992 4492 1408 3908 973 3473
Route 180 : 1959 1079 3579 4459 614 1636 4136 3114 1660 4160 1545 4045 982 3482 1099 1813 4313 3599
Route 181 : 1427 1057 3557 3927 175 2675 737 1831 4331 492 2992 665 398 2898 54 2554 3165 3237
Route 182 : 1183 502 3002 3683 67 2567 1721 4221 2200 4700 1180 3680 1096 1195 3695 3596 4 2504
Route 183 : 406 2906 2440 4940 2411 4911 350 2248 4748 2850 1508 214 2714 1537 4037 4008 939 124 2624 3439
Route 184 : 1663 1332 3832 4163 1751 4251 823 3323 1797 4297 395 2895 2078 4578 1324 3824 867 3367
Route 185 : 1552 4052 2196 721 3221 1691 4696 4191 2076 4576 1998 4498 609 3109 1871 4371 484 1487 3987 2984
Route 186 : 1640 4140 472 2972 966 3466 2221 4721 2396 4896 599 3099 1294 3794 654 3154 725 3225 20 2520 2417 4917
Route 187 : 1753 1929 4429 947 3447 4253 1616 2161 4661 4116
Route 188 : 2100 829 3329 2406 4906 909 3409 574 3074 4600 681 3181 1292 3792 1168 3668
Route 189 : 817 3317 2270 92 2592 4770 865 230 2730 3365 110 2610 652 1632 4132 3152
Route 190 : 1174 3674 2036 344 2844 921 3421 4536 1430 3930 1202 3702 1873 4373 2282 4782 612 1895 4395 3112
Route 191 : 2381 4881 1540 4040 1772 403 2903 4272 736 3236 1451 3951 941 3441 1733 75 2575 4233
Route 192 : 2263 4763 62 2562 2094 4594 1619 4119 2362 4862 2166 1137 3637 1701 4201 4666 2075 4575
Route 193 : 1370 3870 431 2931 1720 4220 2229 4729 83 2583 1551 4051 1159 3659
Route 194 : 2019 1712 4212 4519 357 1095 3595 2857 2439 1167 3667 4939 710 1785 4285 3210 198 2698 1058 3558 453 2953
Route 195 : 1038 404 2904 642 3538 1765 3142 4265 2468 393 4968 1928 4428 1243 2893 3743 826 3326 2454 4954 2090 4590
Route 196 : 1112 285 2785 178 2678 3612 2498 4998 2148 4648 514 3014 2303 4803 499 2999
Route 197 : 2029 4529 1260 3760 613 3113 1206 3706 1464 3964 2388 1757 4257 4888 352 2852
Route 198 : 1431 2415 33 2533 4915 3931 485 2985 1418 3918 2340 4840 2206 813 3313 4706
Route 199 : 2384 1722 4222 4884 2260 18 2518 567 3067 4760 630 3130 1150 3650 2215 4715 1620 4120
Route 200 : 864 1040 3540 3364 72 2572 1522 4022 482 1390 798 3298 3890 2982
Route 201 : 1471 3971 1360 1410 3910 753 3253 3860 616 3116 396 2896 249 2749 1204 3704 2413 4913
Route 202 : 1384 227 2727 2006 372 2872 4506 3884 1056 3556 2188 4688 494 541 31 2531 2994 3041 414 1054 3554 2914 1999 4499
Route 203 : 663 3163 1627 555 3055 1089 3589 4127 1190 3690 2125 4625 419 2919 451 2951 676 3176
Route 204 : 2398 850 3350 4898 1774 13 2513 2479 4979 4274 1634 4134 1298 424 2924 3798 728 3228
Route 205 : 2156 4656 1308 3808 637 3137 2028 2181 4681 4528 234 2734 532 3032 790 3290
Route 206 : 1795 835 3335 4295 1945 1994 4494 4445 1796 4296 870 3370 519 3019 539 3039 1848 1574 4074 4348
Route 207 : 762 3262 816 949 3449 3316 155 2363 4863 2655 918 3418 1610 2 2502 4110 66 2566
Route 208 : 2328 4828 1271 3771 2199 2253 4753 4699 322 1092 60 2560 3592 2822 1321 3821
Route 209 : 2247 623 3123 4747 2456 359 2859 297 4956 2797 323 2823 1033 3533 759 3259 1002 3502
Route 210 : 2143 1565 1803 4643 4303 4065 1327 3827 104 2604 426 48 2548 2926 443 2943
Route 211 : 1943 4443 70 1510 4010 2570 2122 554 3054 4622 655 1870 3155 4370 1839 367 2867 4339
Route 212 : 2264 4764 1164 497 2997 3664 1265 3765 2342 4842 1000 3500 1904 4404 860 3360
Route 213 : 392 1017 2355 3517 2892 1035 3535 4855 2104 4604 1080 3580 958 3458 920 3420 210 2710
Route 214 : 2335 4835 1555 4055 793 3293 2150 4650 2257 4757 152 2652 634 3134 180 2680
Route 215 : 572 3072 1829 4329 1473 3973 345 2845 1208 2155 4655 2367 4867 3708
Route 216 : 218 2718 1976 4476 86 2586 2408 4908 1561 4061 125 2625 522 1048 3548 3022 2465 2033 4533 4965
Route 217 : 1855 4355 1869 4369 2308 4808 508 1328 3828 3008 106 2126 4626 2606 157 2657 571 126 2626 3071
Route 218 : 1178 3678 818 892 3392 3318 1289 2258 2040 4540 4758 3789 1761 4261 913 3413
Route 219 : 2109 4609 1088 3588 1666 692 3192 4166 1580 4080 3 2503 1532 4032 1738 4238 149 2649
Route 220 : 202 2702 2297 4797 1801 2002 4502 4301 2209 4709
Route 221 : 2246 4746 1277 3777 1244 3744 248 2442 4942 2748 142 2642 201 964 3464 1671 4171 2392 2701 4892
Route 222 : 1814 4314 386 658 3158 2886 2273 4773 971 3471 2224 4724 2223 1061 3561 4723 1286 3786 516 3016
Route 223 : 2256 4756 2312 4812 2286 4786 744 3244 326 2826 2001 4501 2364 385 2885 4864
Route 224 : 1422 910 3410 2074 4574 3922 464 2964 2185 4685 897 3397 815 3315 993 645 3145 3493
Route 225 : 2331 4831 2230 4730 442 1335 3835 595 3095 1218 2942 2450 3718 4950
Route 226 : 2032 1299 3799 4532 2318 2458 4958 4818 1042 3542 1872 1130 3630 4372 236 2736 2179 4679 2142 4642
Route 227 : 2124 4624 915 861 3361 433 2933 3415 2220 4720 834 1090 3590 3334 1125 3625 931 2490 4990 3431
Route 228 : 1912 4412 331 471 2971 2831 579 3079 2121 4621 2410 4910 1305 3805 2496 4996
Route 229 : 200 2700 743 3243 77 2035 4535 2577 730 3230 172 1951 4451 2672 2314 4814 2177 1687 4677 4187 2086 4586
Route 230 : 1953 1966 4466 4453 1669 4169 945 2105 4605 3445 1350 1932 4432 3850 975 1737 4237 3475 1708 4208
Route 231 : 1468 3968 2207 1018 3518 4707 1883 4383 1815 587 3087 1429 3929 1304 3804 4315 1285 3785
Route 232 : 327 2827 1398 3898 1397 3897 617 3117 1997 4497 520 3020 2435 4935 1199 3699
Route 233 : 618 3118 1309 3809 1489 898 3398 3989 1493 3993 1241 1583 4083 3741 1891 59 2559 4391
Route 234 : 69 2569 1133 3633 1474 2170 4670 780 3280 684 3184 3974 109 2609 507 3007 2370 768 3268 4870 1517 4017
Route 235 : 1415 1341 3841 1140 3640 1484 3984 594 3094 3915 1136 3636 565 3065 822 635 3135 3322
Route 236 : 1007 3507 143 2643 427 1979 4479 2927 661 3161 600 3100 2400 304 2804 2048 4548 1538 4900 4038
Route 237 : 2243 2069 4569 906 3406 4743 2326 401 2901 2261 1284 3784 4826 4761 1582 4082 159 2659
Route 238 : 1247 3747 1264 158 2658 3764 1361 3861 2277 4777 1806 58 2558 4306 119 2619 305 2805
Route 239 : 2176 1689 1124 3624 4189 884 4676 3384 2164 899 3399 2026 4526 2420 4920 4664
Route 240 : 466 1967 4467 394 2894 2966 9 2509 374 1996 4496 632 2874 3132 254 2754
Route 241 : 2434 1176 1526 3676 208 2708 4934 2445 2478 4978 2424 4924 4945 844 3344 382 1535 235 2735 4035 2882 4026
Route 242 : 2005 4505 216 2716 769 3269 605 3105 1593 4093 1649 4149 1758 4258 381 2881 179 2679
Route 243 : 292 2792 1603 4103 2186 726 3226 4686 1961 4461 1066 123 2623 3566 548 2018 4518 3048 182 2682
Route 244 : 2067 4567 1644 99 2599 4144 538 3038 447 2947 2475 23 2523 4975 1097 601 3101 3597 1500 4000
Route 245 : 1778 4278 487 2249 4749 1548 4048 1076 3576 2987 1837 755 3255 1549 4049 4337 2351 4851 2079 4579 1287 3787
Route 246 : 1920 4420 776 3276 1849 4349 103 2603 1553 1726 4226 310 2810 4053 1842 1316 3816 4342
Route 247 : 1193 196 2696 46 2546 3693 669 1008 3169 1313 3508 3813 21 1937 2521 4437 279 2779
Route 248 : 2344 4844 2245 4745 887 2266 3387 2194 4694 553 4766 671 3171 3053 476 90 2590 2976 1863 4363
Route 249 : 1786 2348 4286 4848 1888 2102 4602 4388 2346 4846 957 3457
Route 250 : 2288 4788 1339 3839 405 2905 1185 299 2799 3685 911 3411 397 2897 2098 4598
Route 251 : 282 2782 989 3489 342 2842 1925 244 4425 2744 186 2686 1345 3845
Route 252 : 1798 2038 4538 4298 809 43 2543 3309 479 2979 1362 1188 3688 3862 666 1437 3937 3166
Route 253 : 2455 629 3129 598 3098 4955 2451 4951 185 2685 2054 588 3088 512 1617 4554 938 3438 3012 4117
Route 254 : 875 2365 2055 4865 4555 1858 4358 1614 4114 3375 1874 4374 44 2544 498 2998 1165 3665
Route 255 : 1331 3831 1273 3773 2134 4634 1480 3980 2216 4716 1676 1706 4206 4176 2307 4807 114 2614
Route 256 : 221 2721 194 2154 4654 1643 4143 2694 10 1921 1812 4312 4421 2510 2056 4556
Route 257 : 774 1198 3274 3698 286 1542 4042 2786 290 2790 1607 4107 1684 4184 543 3043 739 1589 3239 4089
Route 258 : 1698 953 3453 643 3143 4198 1680 4180 314 2814 1037 1942 4442 3537
Route 259 : 1670 794 4170 3294 2225 4725 1145 1201 3701 3645 2012 4512 828 3328 1824 4324 145 2645 1913 4413
Route 260 : 717 3217 1784 550 3050 4284 1326 3826 1940 4440 460 2960 2425 1322 3822 4925 1119 3619
Route 261 : 261 2761 1777 1623 4123 4277 1086 3586 2191 4691 2203 4703 1759 4259
Route 262 : 1029 3529 1062 1702 4202 3562 1001 1662 4162 3501 150 2650
Route 263 : 1323 646 3146 807 3307 3823 610 3110 1248 3748 483 1436 3936 2983 2483 4983 193 2693
Route 264 : 1683 4183 101 2601 1049 3549 2438 1400 3900 4938 1426 933 3433 3926 636 2492 4992 3136 718 3218
Route 265 : 2269 1455 4769 1776 2162 1412 3912 4662 3955 1401 4276 3901 1656 4156 2141 2467 4967 241 2741 4641 978 3478
Route 266 : 552 3052 1388 3888 495 122 2622 2995 1055 3555 1318 3818 2072 2051 4551 2087 4587 4572 269 2769 1710 4210
Route 267 : 1975 1723 1740 4240 4223 4475 2147 4647 2081 308 2808 4581 2160 2047 163 2663 4660 4547 1184 3684
Route 268 : 1543 4043 139 2639 1094 991 3594 3491 2267 1449 3949 4767 2374 1767 4267 4874
Route 269 : 2045 1258 3758 1836 4336 4545 40 2540 2052 4552 2336 4836 2295 4795 1800 4300
Route 270 : 247 2198 4698 2747 715 1700 3215 4200 1661 1020 3520 4161 429 2929
Route 271 : 1911 2232 4732 4411 2202 640 177 2677 3140 4702 2472 4972 633 3133 2007 4507
Route 272 : 2366 475 2975 4866 52 2552 1281 3781 1237 3737 1809 4309 1569 257 2757 4069 2287 4787
Route 273 : 243 188 2688 2743 1173 3673 1962 4462 1319 1760 4260 3819 542 3042 146 2646 1734 260 2760 4234
Route 274 : 2296 4796 1596 802 3302 648 3148 118 2618 324 2824 1200 3700 1128 3628 987 3487 4096
Route 275 : 1306 2112 4612 3806 1982 4482 833 3333 30 2530 1788 4288 1453 754 3254 3953
Route 276 : 1242 2324 2460 4960 4824 3742 2129 4629 1077 3577 785 3285 1454 3954 2139 1211 3711 4639 1939 4439
Route 277 : 706 3206 517 1604 4104 3017 1742 4242 703 1044 446 2946 3544 1541 4041 3203 334 1714 4214 2834
