Instance name:    bar-n200-1
Authors:          PDPTW Solver
Date:             2025-11-20
Reference:        LNS with SA/RTR
Solution
Route 1 : 63 163 12 112 78 83 183 178
Route 2 : 2 61 161 102 30 43 143 18 118 130
Route 3 : 23 123 8 108 5 53 153 105
Route 4 : 7 19 22 119 107 122 58 158
Route 5 : 17 117 14 27 127 114 89 189
Route 6 : 34 52 152 134 64 164
Route 7 : 42 79 179 142 99 199 35 85 185 135
Route 8 : 57 157 92 28 128 192
Route 9 : 39 139 47 13 113 147 80 180
Route 10 : 50 150 77 177 32 132 38 138
Route 11 : 86 94 194 186 16 116
Route 12 : 21 121 3 56 156 103 41 141
Route 13 : 81 181 1 84 184 101 40 140
Route 14 : 44 6 106 49 149 88 188 144
Route 15 : 15 82 182 115 48 148 73 173
Route 16 : 51 151 67 10 110 9 167 109
Route 17 : 65 46 146 165 100 91 200 191
Route 18 : 71 171 98 59 97 198 159 197 87 187
Route 19 : 29 4 104 129 74 174 69 169
Route 20 : 96 196 45 33 145 93 193 133
Route 21 : 60 76 176 160 25 20 120 125
Route 22 : 55 155 66 166 68 168 31 131
Route 23 : 95 195 54 154 11 90 190 111
Route 24 : 24 75 175 124 70 170 36 136
Route 25 : 26 62 162 126 37 137 72 172
