Instance name:    bar-n200-1
Authors:          PDPTW Solver
Date:             2025-11-20
Reference:        LNS with SA/RTR
Solution
Route 1 : 75 175 94 32 194 16 116 132 36 136
Route 2 : 15 23 123 115 92 192 20 120
Route 3 : 34 134 53 28 128 18 153 118
Route 4 : 17 117 49 3 149 37 137 103 9 109
Route 5 : 39 139 48 148 73 56 156 173
Route 6 : 81 181 51 151 30 64 164 130
Route 7 : 71 171 27 127 77 177 68 168 31 131
Route 8 : 4 29 129 104 43 143 74 174 40 140
Route 9 : 57 157 82 182 66 166
Route 10 : 61 161 1 14 114 101 87 187
Route 11 : 65 13 165 100 200 47 147 113 46 146
Route 12 : 95 195 45 33 11 145 133 111
Route 13 : 2 21 121 102 67 167 80 180
Route 14 : 42 79 25 142 179 89 125 189 10 110
Route 15 : 8 52 152 108 91 191 70 170
Route 16 : 96 196 76 176 83 183
Route 17 : 19 7 107 119 88 41 188 141
Route 18 : 24 12 112 124 98 198 97 197 85 185
Route 19 : 6 106 84 90 190 184 35 135
Route 20 : 22 99 199 122 93 193 59 159
Route 21 : 26 62 69 162 126 5 169 105
Route 22 : 55 63 163 155 38 138 78 178
Route 23 : 60 54 154 160 72 44 144 172
Route 24 : 50 150 86 186 58 158
