Instance name:    bar-n200-6
Authors:          PDPTW Solver
Date:             2025-11-21
Reference:        LNS with SA/RTR
Solution
Route 1 : 28 67 167 80 180 128 70 170 95 195 33 133 76 100 200 176 21 30 130 121 64 164
Route 2 : 6 106 77 177 49 149 10 55 110 155 39 139 11 96 196 111 68 168 84 184
Route 3 : 89 189 7 107 20 45 145 88 120 92 192 188 9 109 42 142 40 61 161 140
Route 4 : 94 29 129 3 103 194 41 141 17 117 14 8 108 56 156 114 97 73 173 197 78 178
Route 5 : 51 151 16 116 90 98 198 86 190 186 63 163 72 172 34 134 53 153 99 37 137 199
Route 6 : 48 148 35 19 135 119 15 23 115 25 125 123 81 181 93 193 59 159 91 191
Route 7 : 18 26 126 75 175 4 104 118 43 143 50 69 79 169 150 179 85 185 66 166 38 138
Route 8 : 62 162 57 157 24 1 124 101 82 182 31 12 112 131 32 83 183 132
Route 9 : 27 127 46 146 22 122 58 158 36 136 71 171 44 144
Route 10 : 13 113 54 154 74 174 87 187 60 160 65 5 105 165 52 47 147 2 102 152
