Instance name:    bar-n200-1
Authors:          PDPTW Solver
Date:             2025-11-20
Reference:        LNS with SA/RTR
Solution
Route 1 : 42 79 6 142 179 106
Route 2 : 60 54 154 160 72 97 197 172
Route 3 : 19 7 107 119 68 168 31 131
Route 4 : 75 175 34 134 16 116
Route 5 : 46 146 8 52 152 108 58 158
Route 6 : 65 53 165 32 87 187 132 153
Route 7 : 69 169 96 196 74 174
Route 8 : 71 171 27 127 5 105 61 161
Route 9 : 51 151 98 198 28 128 64 164
Route 10 : 24 12 112 124 86 186 25 125
Route 11 : 10 110 67 92 192 9 167 109
Route 12 : 1 84 90 101 184 190
Route 13 : 2 102 3 33 11 103 133 111
Route 14 : 22 45 145 122 44 144
Route 15 : 82 182 99 77 177 199 35 85 135 185
Route 16 : 39 139 47 13 113 147 80 180
Route 17 : 63 49 149 163 88 41 188 141
Route 18 : 4 29 129 104 21 48 148 121 40 140
Route 19 : 26 14 114 126 37 137 20 120
Route 20 : 50 150 100 200 91 191 89 189
Route 21 : 81 181 95 195 56 156 93 193 59 159
Route 22 : 55 57 157 155 66 166 70 36 136 170
Route 23 : 17 117 62 162 94 194 38 138 73 173
Route 24 : 15 23 123 115 78 18 118 178
Route 25 : 76 176 30 43 143 83 130 183
