Instance name:    bar-n1000-1
Authors:          PDPTW Solver
Date:             2025-11-20
Reference:        LNS with SA/RTR
Solution
Route 1 : 264 764 213 713 432 932 232 732 489 989 442 942 238 738 367 867
Route 2 : 109 335 835 458 93 593 958 204 704 446 946 369 869 124 624 609
Route 3 : 151 76 576 651 481 981 60 560 450 950 327 129 827 313 813 629 165 665
Route 4 : 16 159 659 516 275 775 319 819 160 660 221 721 144 405 905 644
Route 5 : 29 406 258 81 529 581 758 206 163 663 906 438 938 706 355 855
Route 6 : 494 263 763 994 423 923 334 31 531 834 340 840 420 920 424 924
Route 7 : 194 43 543 694 223 723 111 611 453 953 370 870 154 654 336 836 32 532
Route 8 : 396 316 816 896 27 527 425 925 77 577 409 909 452 952
Route 9 : 456 956 47 547 244 147 647 207 449 949 744 707 322 822 74 574 9 78 578 509
Route 10 : 496 374 874 996 460 325 825 478 978 960 54 554 28 528 87 338 838 587
Route 11 : 490 990 444 944 477 451 951 977 437 937 323 823 464 964 161 661
Route 12 : 130 630 344 844 324 824 281 332 781 832 248 356 748 856 10 510
Route 13 : 136 18 518 636 185 164 664 685 377 457 957 877 461 961 220 720
Route 14 : 474 11 511 974 447 947 382 882 38 538 251 751 166 25 240 740 525 666 98 598
Route 15 : 222 70 570 348 848 722 134 634 110 266 766 610 321 821 95 595
Route 16 : 180 148 648 680 252 752 413 913 276 776 106 606 297 115 615 797
Route 17 : 286 56 556 786 361 861 279 162 662 779 491 991 386 886
Route 18 : 100 600 205 705 72 277 777 139 639 572 51 551 274 774 390 890
Route 19 : 362 862 301 801 394 122 622 894 20 520 359 176 676 859 360 860
Route 20 : 307 807 201 24 524 280 701 780 175 675 400 387 887 900 306 806 86 586
Route 21 : 26 418 918 526 237 137 737 637 226 726 299 799 364 864
Route 22 : 121 337 837 621 255 755
Route 23 : 182 293 793 682 483 233 733 366 983 326 826 866 312 398 898 812
Route 24 : 55 315 815 555 5 505 202 702
Route 25 : 118 618 309 809 227 133 633 727 119 619 228 728 298 798 473 973 173 673
Route 26 : 479 979 224 285 785 724 45 545 208 708 8 508 304 804 138 257 757 638 401 901
Route 27 : 103 603 392 892 107 49 549 607 287 214 787 314 225 725 814 487 987 714
Route 28 : 63 563 22 522 114 614 411 177 911 677 311 811 333 269 769 833
Route 29 : 295 795 215 384 884 715 372 872 439 403 903 939 375 267 767 875 229 729
Route 30 : 157 657 131 631 246 217 717 746 123 623 351 851 317 817 278 778 376 876
Route 31 : 352 381 284 881 475 975 852 190 365 865 690 89 92 19 589 592 519 784 495 995
Route 32 : 82 395 895 582 402 902 480 14 980 146 514 646 46 546 153 653
Route 33 : 150 433 650 429 929 155 655 125 625 328 933 828 85 585 430 90 930 590
Route 34 : 73 573 273 426 926 773 414 914 459 959 37 91 591 537 445 292 792 945
Route 35 : 4 62 562 504 253 753 347 236 736 44 544 847
Route 36 : 330 354 373 830 873 854 465 61 561 379 879 965 140 640 219 719
Route 37 : 380 880 21 521 349 6 506 849 407 907 168 66 566 668 422 922 120 620
Route 38 : 472 972 203 363 703 436 863 936 499 999 500 1000 79 265 765 579
Route 39 : 143 112 612 643 320 419 919 820 329 343 843 829 471 971 262 762
Route 40 : 105 605 210 65 710 565 2 502 152 294 794 652 35 535 498 998
Route 41 : 167 667 331 59 559 831 249 749 254 754 463 963
Route 42 : 183 64 564 448 948 683 300 211 711 800 171 671 289 789 80 580
Route 43 : 42 542 104 604 493 993 488 988 302 802 174 674
Route 44 : 242 476 976 742 58 558 391 23 523 891 3 503 341 841 102 602 234 734
Route 45 : 13 184 684 383 883 186 686 417 917 101 601 339 839 127 627 181 681 513
Route 46 : 141 235 735 178 678 641 399 415 915 899 358 858 385 885 486 69 569 986
Route 47 : 67 113 613 567 482 239 739 982 256 756 132 632 40 540 397 897
Route 48 : 310 149 649 810 462 485 962 985 94 30 530 594 169 199 699 669
Route 49 : 145 645 50 468 968 550 53 553 142 642 34 534
Route 50 : 187 687 443 943 428 189 689 928 135 635 68 568 52 1 501 552
Route 51 : 492 992 353 853 99 318 818 599 388 467 967 888 484 984 291 791
Route 52 : 469 969 172 357 857 672 36 536 41 83 541 583 342 842 290 179 679 790
Route 53 : 108 48 548 608 39 539 218 410 910 718 378 878 260 760 440 940
Route 54 : 271 346 846 771 96 596 88 470 970 435 935 126 626 33 533 389 889 588
Route 55 : 200 282 782 700 117 128 628 617 193 693 368 868 305 805
Route 56 : 7 507 431 931 416 916 57 557 408 908 196 696 261 371 871 761 209 709
Route 57 : 441 941 198 698 17 517 158 658 192 216 716 692 12 512
Route 58 : 245 745 247 747 497 997 84 584 195 695 303 455 955 803 350 850
Route 59 : 170 670 230 730 412 912 259 71 571 434 934 759 283 783 296 796
Route 60 : 404 904 241 741 345 268 768 845 466 966 191 691 270 770 288 156 656 788
Route 61 : 212 197 697 712 427 927 243 75 575 743 188 272 772 688 231 731
Route 62 : 393 454 954 893 421 921 308 808 97 597 116 616 250 750 15 515
