Instance name:    bar-n200-3
Authors:          PDPTW Solver
Date:             2025-11-21
Reference:        LNS with SA/RTR
Solution
Route 1 : 15 115 4 33 133 104 44 144 96 76 176 70 196 170
Route 2 : 25 125 9 61 109 55 161 155 72 172 67 2 102 167 23 123 84 1 184 101 31 131 97 197
Route 3 : 12 112 10 68 56 110 168 73 156 173 63 163 79 179 89 60 160 189
Route 4 : 14 39 139 114 90 190 20 26 95 120 195 126 71 171 29 129
Route 5 : 59 159 17 34 117 134 47 147 78 74 174 178 13 113 75 175
Route 6 : 81 181 62 162 19 119 82 182 40 6 11 140 37 137 111 98 80 180 198 46 106 146 88 188
Route 7 : 7 92 107 192 3 103 16 116 38 138 85 42 142 58 185 158
Route 8 : 51 49 149 151 64 65 165 164 91 191 18 66 118 87 94 194 166 100 187 200 28 43 143 128
Route 9 : 5 105 93 77 193 69 169 177 45 27 145 127 53 153 54 154 99 24 124 199 22 122
Route 10 : 36 136 86 186 21 8 121 32 30 108 35 135 130 41 141 57 50 150 157 83 183 132 52 48 148 152
