Instance name:    bar-n200-3
Authors:          PDPTW Solver
Date:             2025-11-21
Reference:        LNS with SA/RTR
Solution
Route 1 : 25 86 125 81 186 181 91 191 80 87 57 157 180 187 100 200 43 143
Route 2 : 5 105 93 193 14 114 39 139 40 140 37 137 20 95 195 120 70 28 128 170 31 131
Route 3 : 9 109 19 59 159 64 119 164 82 182 74 3 103 174 16 116 13 23 123 113 22 32 132 122
Route 4 : 69 169 34 11 84 184 134 90 190 111 79 179 89 60 189 160 48 148
Route 5 : 68 10 66 166 110 168 7 107 30 6 130 94 194 54 154 83 183 99 106 52 152 199
Route 6 : 77 61 56 156 161 177 92 192 47 147 50 26 126 150 75 175 58 158
Route 7 : 55 155 45 145 72 172 96 76 176 196 24 124 97 197
Route 8 : 62 162 21 121 65 8 108 165 2 27 127 41 141 102 18 38 138 118 98 198 46 146
Route 9 : 15 115 33 133 4 73 173 104 49 149 78 67 178 167 1 35 135 101 29 129
Route 10 : 51 53 153 151 17 36 136 117 44 12 112 144 63 163 85 42 71 171 142 185 88 188
