Instance name:    bar-n200-1
Authors:          PDPTW Solver
Date:             2025-11-20
Reference:        LNS with SA/RTR
Solution
Route 1 : 2 102 48 148 1 101
Route 2 : 8 65 53 165 100 200 108 20 120 153
Route 3 : 37 137 86 186 58 158
Route 4 : 42 79 66 142 179 166 70 170 18 118
Route 5 : 60 54 154 160 25 44 144 125
Route 6 : 95 195 49 62 162 149 91 191
Route 7 : 17 117 78 22 3 103 122 93 193 178
Route 8 : 99 52 152 199 35 71 171 135
Route 9 : 24 39 139 124 88 41 188 141
Route 10 : 6 106
Route 11 : 50 150 59 72 159 38 138 172
Route 12 : 81 181 7 19 119 107 9 109
Route 13 : 69 169 96 196 16 89 189 116
Route 14 : 15 82 182 115 11 73 173 111
Route 15 : 23 123 94 194 30 83 183 130
Route 16 : 55 57 157 155 13 47 113 147 80 180
Route 17 : 34 134 77 177 5 105
Route 18 : 61 161 26 14 114 126 32 132 36 136
Route 19 : 21 33 121 84 90 190 184 133
Route 20 : 63 163 56 92 192 156 46 146
Route 21 : 12 112 98 97 198 197 87 187
Route 22 : 10 110 67 45 145 167 85 185
Route 23 : 75 27 127 175 28 128 64 164
Route 24 : 4 29 129 104 43 143 74 174 40 140
Route 25 : 51 151 68 76 176 168 31 131
