Instance name:    bar-n200-2
Authors:          PDPTW Solver
Date:             2025-11-20
Reference:        LNS with SA/RTR
Solution
Route 1 : 49 12 112 149 88 188 99 199
Route 2 : 39 65 165 139 8 89 108 189
Route 3 : 95 31 131 63 195 163 100 200 83 183
Route 4 : 64 26 164 126 78 178 13 113
Route 5 : 14 114 71 171 33 57 157 133
Route 6 : 35 27 127 135 25 70 170 125
Route 7 : 15 21 121 115 38 138 79 179
Route 8 : 17 6 106 117 30 130 87 187
Route 9 : 43 143 53 153 28 128 1 101
Route 10 : 4 104 32 66 132 81 181 166
Route 11 : 86 55 155 186 34 134
Route 12 : 20 120 73 173 96 196
Route 13 : 80 180 94 194 75 175
Route 14 : 58 158 52 152 36 136 10 110
Route 15 : 60 160 59 159 93 193 18 118
Route 16 : 74 62 162 174 69 169 68 168
Route 17 : 92 76 37 176 22 29 129 122 192 137
Route 18 : 9 82 109 182 23 7 123 107
Route 19 : 72 3 103 172 2 40 140 102
Route 20 : 11 41 141 111 91 48 191 148
Route 21 : 98 198 19 119 50 16 116 150
Route 22 : 61 90 190 42 142 54 154 161
Route 23 : 77 45 145 84 184 85 177 185
Route 24 : 5 56 156 105 97 197 44 144
Route 25 : 46 24 51 124 151 47 147 146 67 167
