Instance name:    bar-n200-3
Authors:          PDPTW Solver
Date:             2025-11-21
Reference:        LNS with SA/RTR
Solution
Route 1 : 62 21 121 162 17 117 44 82 182 144 67 167 18 38 138 118 42 58 158 142
Route 2 : 5 105 55 33 133 155 72 172 27 74 127 174 85 75 185 70 170 175
Route 3 : 25 125 77 177 64 164 3 34 103 134 84 184 57 50 49 149 150 157 99 199
Route 4 : 86 51 151 186 12 19 119 47 147 112 16 116 95 20 98 120 195 198 24 52 124 152
Route 5 : 9 109 93 193 59 32 159 87 80 94 194 187 180 46 132 146
Route 6 : 14 91 114 35 135 191 63 2 102 163 37 137 53 153 79 179 73 97 197 173
Route 7 : 10 68 110 168 4 7 92 107 192 104 6 78 178 106 54 154 83 183 89 60 160 189 48 148
Route 8 : 15 115 39 139 40 36 136 140 11 111 13 26 126 71 171 113 22 122 29 129
Route 9 : 69 169 65 8 108 165 30 130 90 190 96 76 176 43 143 196 88 188
Route 10 : 81 181 56 66 61 161 156 166 100 45 145 41 141 23 123 1 101 200 28 31 131 128
