Instance name:    LC1_10_1
Authors:          PDPTW Solver
Date:             2025-11-13
Reference:        LNS with SA/RTR
Solution
Route 1 : 590 676
Route 2 : 922 736 34 912 61 744 911 811
Route 3 : 616 313 481 74 876 1022 795 114 338 895 416 234
Route 4 : 963 726 801 987 466 1042 279 31 276 41
Route 5 : 722 718 1002 326 334 100 414 430 802 550 146 1010
Route 6 : 488 800 211 359 442 804 715 888 923 355
Route 7 : 968 745 218 1052 371 643 143 844 956 661
Route 8 : 977 390 352 600 870 786 274 869
Route 9 : 406 820 502 222 927 509 465 196 674 871 1008 662
Route 10 : 76 631 467 333 639 229 730 1036 88 659 110 42
Route 11 : 212 859 324 421 369 261 1032 838 697 814
Route 12 : 660 3 402 456 565 193 670 646 263 207
Route 13 : 394 441 40 282 298 119 610 23 493 1041
Route 14 : 122 705 316 1033 678 461 47 773 389 603
Route 15 : 208 425 149 332 345 936 739 409
Route 16 : 415 322 627 462 698 559 172 569
Route 17 : 336 508 254 152 112 157 29 757 101 392 453 860 283 221
Route 18 : 388 760 1039 272 321 353 983 499 405 548
Route 19 : 532 33 209 709 991 372 1009 894 672 805
Route 20 : 35 825 932 868 154 370 827 832 270 171
Route 21 : 638 72 573 337 613 947 1050 588 439 751
Route 22 : 562 148 291 57 131 593 953 560 418 159 513 374
Route 23 : 411 563 986 938 818 910 27 189 680 153
Route 24 : 301 777 564 1007 320 360 763 641 284 878
Route 25 : 382 784 708 460 852 428 1026 907
Route 26 : 184 1004 139 955 14 645 754 700 889 724
Route 27 : 931 173 151 137 998 163 1031 26 665 340
Route 28 : 54 483 531 607 177 195 769 135 379 525 1006 791
Route 29 : 363 797 45 68 575 295 180 302 187 19
Route 30 : 451 605 578 346 443 7 206 427 67 685
Route 31 : 190 842 50 675 822 459 830 872
Route 32 : 38 633 262 63 618 632 366 192 12 929
Route 33 : 194 84 867 779 908 595 468 847 916 1024
Route 34 : 266 1054
Route 35 : 167 293 542 928 952 619 446 15 1014 73
Route 36 : 941 32 520 357 686 243 327 348
Route 37 : 6 268 980 210 574 118 897 202 1023 547
Route 38 : 581 933 52 335 368 654 918 530 444 699 59 140
Route 39 : 116 813 840 463 586 906 541 886 174 522
Route 40 : 231 1 70 496 166 515 307 1038 687 617
Route 41 : 570 350 882 400 752 269 865 75 713 185
Route 42 : 623 734 228 107 776 162 992 583
Route 43 : 536 257 121 966 635 247 113 452 448 367 347 1003 83 500
Route 44 : 351 127 682 475 235 596 749 429 903 1011
Route 45 : 238 597 287 772 506 626 471 260
Route 46 : 544 278 511 308 191 712 898 979 915 732
Route 47 : 106 158 81 385 537 124 816 412 1029 160
Route 48 : 789 553 103 331 972 974 422 944 401 579 538 1015
Route 49 : 384 853 432 727 288 835 858 361 839 608 994 447
Route 50 : 997 87 585 365 1049 120 521 996
Route 51 : 914 362 621 969 213 251 455 252 86 485
Route 52 : 652 823 258 317 958 505 142 516
Route 53 : 815 658 656 771 761 168 592 464 281 391
Route 54 : 309 890 11 721 253 651 396 733 741 469
Route 55 : 386 792 901 909 259 319 145 803 165 128 691 668 874 1028
Route 56 : 849 476 788 528 494 354 555 342 558 549 1025 552
Route 57 : 535 303 226 671 978 851 134 358
Route 58 : 937 181 407 102 934 720 126 1016 265 2 53 62
Route 59 : 819 999 246 943 723 920 227 850 828 433 567 161 71 862
Route 60 : 960 810 620 959 841 580 304 480 684 833 1020 56
Route 61 : 836 1048 694 796 951 495 420 21
Route 62 : 108 182 470 93 203 716 706 875 693 762 601 232
Route 63 : 285 356 472 393 967 474 688 315 518 946
Route 64 : 981 1045 125 954 404 39 782 256 857 510
Route 65 : 435 250 629 829 523 117 768 657 863 330 248 826
Route 66 : 711 403 970 729 413 866 887 408 690 812 614 845
Route 67 : 364 492 219 170 240 216 349 178 237 176
Route 68 : 780 529 300 965 740 677 921 989 917 1030
Route 69 : 984 896 244 497 48 1019 935 484 653 975 434 765
Route 70 : 69 566
Route 71 : 648 949 197 767 214 198 64 589
Route 72 : 28 775 973 188 527 245 793 636 147 747
Route 73 : 924 155 224 312 702 199 1051 737 873 576
Route 74 : 164 323 242 419 179 622 450 609 877 753
Route 75 : 982 707 111 551 94 843 942 885 507 1013
Route 76 : 482 625 990 584 60 809 1001 993 864 790 280 43
Route 77 : 79 664 49 489 490 16 669 731 375 701 436 387
Route 78 : 571 681 948 91 96 378 275 341 431 606
Route 79 : 380 44 4 17 9 89 18 105 97 919 666 1034
Route 80 : 328 92 200 846 634 624 201 445 517 454
Route 81 : 785 267 837 104 1021 132 925 526 223 24 217 568
Route 82 : 611 940 534 738 807 314 770 883
Route 83 : 577 533 329 249 945 20 46 689 138 905 1044 225
Route 84 : 599 755 704 99 10 649 556 598 273 717
Route 85 : 130 725 612 904 855 13 78 794 971 628 376 817
Route 86 : 299 449 602 546 759 377 296 995
Route 87 : 764 879 501 683 344 426 799 594 503 399 98 82 1018 156
Route 88 : 985 884 305 30 136 900 644 25 1046 1000
Route 89 : 655 976 458 798 51 591 141 239 1035 220 55 637 848 647
Route 90 : 183 36 663 714 561 498 438 22 311 893
Route 91 : 473 109 77 417 424 90 395 519 728 65 1047 186
Route 92 : 306 294 504 766 343 930 756 1040 241 230 169 540
Route 93 : 902 543 679 604 742 781 880 703 524 1043
Route 94 : 115 962 486 743 1012 440 512 397 939 123
Route 95 : 95 834 557 381 271 215 1005 630 80 236 264 750 642 310
Route 96 : 487 255 899 289 572 950 423 85 554 233 881 650
Route 97 : 854 783 640 861 339 457 748 325 673 735
Route 98 : 957 787 806 710 318 831 961 587 58 290
Route 99 : 66 545 778 129 8 491 821 1037 150 383 695 297
Route 100 : 175 144 1017 373 692 133 913 539 891 892
Route 101 : 856 758 774 478 410 5 477 398
Route 102 : 582 479 1027 437 719 204 37 292 696 205 746 514
Route 103 : 615 667 808 926 964 988 277 286 1053 824
