Instance name:    bar-n200-4
Authors:          PDPTW Solver
Date:             2025-11-21
Reference:        LNS with SA/RTR
Solution
Route 1 : 49 24 124 72 172 149 67 63 167 35 12 112 135 163
Route 2 : 15 115 73 89 173 32 189 132 56 156 88 83 183 188 44 144
Route 3 : 84 184 27 127 1 101 80 62 162 180
Route 4 : 5 87 96 196 68 168 65 105 187 14 3 165 59 159 103 114
Route 5 : 26 6 106 40 8 108 140 23 123 126 47 147 46 146
Route 6 : 41 141 54 154 31 131 95 43 195 74 143 2 174 102
Route 7 : 29 129 4 38 138 61 161 104 77 177 22 122 97 197 34 134
Route 8 : 20 69 120 169 71 171 10 51 151 110 64 164 55 155 50 150
Route 9 : 30 130 25 125 11 75 175 92 192 111 53 58 158 153
Route 10 : 19 21 121 85 185 119 82 182 36 136 91 191 60 160
Route 11 : 13 113 93 90 190 193 70 170 76 176 7 107 17 117
Route 12 : 98 198 94 39 42 99 142 139 194 199 79 33 133 179
Route 13 : 66 166 86 37 137 186 81 100 181 200 57 9 109 157
Route 14 : 52 152 48 148 18 118 16 28 45 128 116 145 78 178
