Instance name:    bar-n200-4
Authors:          PDPTW Solver
Date:             2025-11-21
Reference:        LNS with SA/RTR
Solution
Route 1 : 14 72 172 52 152 95 195 43 143 76 176 7 78 178 107 114
Route 2 : 49 19 66 149 119 82 182 166 54 17 154 44 117 144
Route 3 : 15 115 93 90 48 148 18 118 193 190 70 170 33 133 60 160
Route 4 : 6 68 168 83 183 31 131 106 40 140 46 35 135 146
Route 5 : 98 198 10 65 99 199 165 110 64 164 55 42 142 155
Route 6 : 4 9 109 104 58 158 81 181
Route 7 : 41 141 87 20 120 187 91 191 36 136 74 28 128 2 174 102
Route 8 : 50 5 105 150 94 39 194 139 3 103 59 159 51 151 47 147
Route 9 : 69 169 71 8 108 171 21 121 67 63 167 97 12 112 163 197
Route 10 : 84 184 25 27 127 125 92 192 53 153 77 177 22 122
Route 11 : 13 113 73 89 173 16 56 156 189 116 88 32 132 45 188 145
Route 12 : 30 130 75 1 101 175 11 100 200 111 57 62 162 157
Route 13 : 29 85 185 129 96 196 26 23 123 126 24 124 34 134
Route 14 : 38 138 61 161 80 86 37 137 186 180 79 179
