Instance name:    bar-n200-6
Authors:          PDPTW Solver
Date:             2025-11-21
Reference:        LNS with SA/RTR
Solution
Route 1 : 89 189 7 46 107 20 22 146 122 120 14 88 188 114 85 185 96 196 2 102 21 121
Route 2 : 94 29 194 51 129 151 35 95 70 170 135 195 12 112 93 58 158 78 178 193 32 132
Route 3 : 54 154 39 52 45 145 139 11 152 5 65 165 105 111 66 166 38 138
Route 4 : 28 97 197 128 67 167 90 190 15 19 119 23 115 76 37 137 176 42 142 123 59 159
Route 5 : 62 162 57 157 24 1 124 101 82 182 31 131 34 134 61 53 153 161 81 181 36 136
Route 6 : 92 192 75 175 4 48 148 104 50 79 179 150
Route 7 : 16 116 27 127 98 198 86 186 63 163 33 91 191 133 72 172 25 125 99 199 47 64 164 147
Route 8 : 80 180 49 149 55 155 10 8 108 87 187 110 56 156 68 168 84 184 73 173
Route 9 : 13 113 77 41 141 177 74 174 60 3 103 17 117 160 30 130 100 200 40 71 171 140 44 144
Route 10 : 18 118 26 69 169 126 6 43 106 83 9 143 109 183
