Instance name:    bar-n200-4
Authors:          PDPTW Solver
Date:             2025-11-21
Reference:        LNS with SA/RTR
Solution
Route 1 : 85 82 21 121 19 119 182 185 60 160 36 136 59 54 154 159
Route 2 : 49 48 148 149 86 37 137 186 67 167 97 197 9 109
Route 3 : 38 138 61 161 80 62 180 162 91 191 35 12 135 112
Route 4 : 30 130 27 127 1 101 75 175 100 200 53 58 158 153
Route 5 : 83 93 183 15 115 193 31 131 95 43 195 143 45 145 44 144
Route 6 : 69 10 110 169 40 8 64 164 108 39 140 23 139 123
Route 7 : 13 113 50 150 66 166 4 104 77 24 124 177 22 122
Route 8 : 73 173 89 76 176 16 56 156 116 189 32 132 78 178 2 102
Route 9 : 68 20 120 168 90 28 128 190 70 170 33 63 163 133
Route 10 : 94 194 6 71 106 65 171 51 151 17 165 42 142 117 34 134
Route 11 : 26 72 172 5 105 126 47 147 46 146
Route 12 : 29 98 129 198 52 152 88 55 155 188 74 174
Route 13 : 14 41 87 96 196 99 187 3 103 141 199 18 118 7 107 114
Route 14 : 84 184 25 11 111 125 92 192 81 181 57 157 79 179
