Instance name:    bar-n200-3
Authors:          PDPTW Solver
Date:             2025-11-21
Reference:        LNS with SA/RTR
Solution
Route 1 : 15 115 45 92 40 192 145 140 37 137 42 142 31 131 97 197
Route 2 : 86 6 10 68 186 110 168 106 39 139 27 72 172 127 94 194 24 124 89 189 52 48 148 152
Route 3 : 25 125 56 61 66 161 156 166 100 200 84 16 116 184 95 38 138 195 70 98 198 170
Route 4 : 69 169 65 8 108 165 49 35 135 12 112 41 141 85 185 58 158 75 175 149
Route 5 : 81 181 36 19 59 159 119 91 191 74 174 136 20 53 153 71 120 79 171 179 73 173
Route 6 : 77 93 193 177 64 164 3 103 26 78 178 126 23 123 22 122 29 129
Route 7 : 51 9 109 151 33 7 133 82 182 107 47 18 147 50 32 57 118 157 150 83 183 132 99 199
Route 8 : 5 105 55 155 63 2 102 163 87 80 180 187 60 160 46 146
Route 9 : 62 162 17 21 121 34 117 134 90 190 96 76 176 43 196 143 88 188
Route 10 : 14 4 104 114 30 44 130 144 54 154 67 167 13 11 111 113 1 101 28 128
