Instance name:    bar-n200-2
Authors:          PDPTW Solver
Date:             2025-11-20
Reference:        LNS with SA/RTR
Solution
Route 1 : 82 182 32 78 132 178 97 197
Route 2 : 35 86 135 186 25 70 170 125
Route 3 : 11 111 27 41 141 127 75 175
Route 4 : 24 124 55 33 155 133 30 130
Route 5 : 74 62 162 174 54 154 83 183
Route 6 : 46 51 151 73 173 38 138 146
Route 7 : 15 115 23 7 123 107
Route 8 : 14 31 131 114 47 147 81 181 18 118
Route 9 : 58 158 52 22 152 93 193 122
Route 10 : 61 161 80 180 67 48 148 167
Route 11 : 77 45 145 59 159 85 185 177
Route 12 : 43 143 53 153 19 119 50 16 116 150
Route 13 : 6 98 106 198 44 68 144 168
Route 14 : 63 163 69 169 2 40 140 102
Route 15 : 95 3 103 84 184 195 10 110
Route 16 : 76 176 88 188 34 99 199 134
Route 17 : 60 160 9 109 87 42 142 187
Route 18 : 90 64 190 164 89 57 189 157
Route 19 : 56 5 105 156 79 179 1 101
Route 20 : 94 36 136 194 100 200
Route 21 : 92 49 12 112 149 37 28 128 192 137
Route 22 : 39 72 172 139 26 126 13 113
Route 23 : 17 117 20 120 71 171 96 196
Route 24 : 4 104 21 66 121 29 166 129
Route 25 : 65 165 8 91 191 108
