Instance name:    bar-n200-2
Authors:          PDPTW Solver
Date:             2025-11-20
Reference:        LNS with SA/RTR
Solution
Route 1 : 3 103 32 132 4 104 7 107
Route 2 : 5 56 156 105 38 73 173 138
Route 3 : 12 112 49 6 149 88 188 99 199 106
Route 4 : 74 61 8 174 108 54 154 161
Route 5 : 31 131 82 182 23 123 50 150
Route 6 : 22 29 129 122 30 130
Route 7 : 43 143 76 60 160 176 100 200 83 183
Route 8 : 15 21 121 115 40 2 102 140
Route 9 : 62 45 145 63 162 163 93 193 18 118
Route 10 : 14 114 47 147 89 57 189 157
Route 11 : 94 36 136 194 75 175
Route 12 : 58 158 78 66 166 178 13 113
Route 13 : 11 55 111 91 191 155 28 128
Route 14 : 37 72 172 33 87 137 133 187
Route 15 : 95 195 20 52 152 120 25 70 170 125
Route 16 : 90 80 190 180 67 81 181 167
Route 17 : 39 65 165 139 44 68 144 168
Route 18 : 17 117 53 153 19 119 16 116
Route 19 : 86 51 151 186 34 134
Route 20 : 92 192 71 171 97 197 1 101
Route 21 : 46 35 84 184 135 79 146 179
Route 22 : 77 177 69 59 159 169 96 196
Route 23 : 64 26 126 164 48 148
Route 24 : 24 124 41 27 127 141 10 110
Route 25 : 98 198 9 109 42 142 85 185
