Instance name:    bar-n200-3
Authors:          PDPTW Solver
Date:             2025-11-21
Reference:        LNS with SA/RTR
Solution
Route 1 : 9 10 110 109 91 191 3 103 57 26 126 98 157 198 24 124 97 197
Route 2 : 14 7 107 114 90 49 149 190 96 76 176 196 88 58 158 188
Route 3 : 5 93 105 33 133 193 19 119 34 134 47 18 118 147 35 78 178 135 12 112 75 175 53 43 143 153
Route 4 : 56 61 66 161 156 166 100 200 6 50 87 80 150 180 187 60 160 106 48 148
Route 5 : 92 82 182 192 84 184 16 116 38 95 195 138 11 111 22 122 29 129
Route 6 : 25 125 86 186 77 55 177 155 72 172 27 127 94 194 54 154 83 183 46 99 199 146
Route 7 : 36 62 162 64 164 65 8 108 165 30 40 130 140 37 137 136 20 120 79 179 73 89 189 173 52 152
Route 8 : 15 115 39 45 145 139 63 163 85 185
Route 9 : 81 181 21 121 59 69 169 159 74 174 41 141 42 71 70 171 142 170
Route 10 : 32 68 51 151 168 132 4 17 117 104 44 144 67 2 102 167 13 23 123 113 1 101 28 31 131 128
