Instance name:    bar-n200-4
Authors:          PDPTW Solver
Date:             2025-11-21
Reference:        LNS with SA/RTR
Solution
Route 1 : 19 119 82 182 83 93 193 183 74 28 128 2 174 102 17 117
Route 2 : 5 87 187 65 105 42 142 59 159 165 23 123 22 122
Route 3 : 38 138 85 185 15 115 73 173 76 176 78 7 56 156 107 178
Route 4 : 98 49 149 198 94 39 194 139 26 126 47 147 79 179 97 197
Route 5 : 72 172 52 152 31 131 95 43 195 45 143 88 145 188
Route 6 : 84 184 25 27 127 125 92 11 111 192 53 100 200 153 34 134
Route 7 : 69 20 120 169 71 171 10 51 151 110 64 55 164 155 50 150
Route 8 : 61 161 77 24 177 60 160 35 4 124 104 135 9 109
Route 9 : 29 80 180 86 37 137 129 186 62 162 91 191
Route 10 : 13 113 18 118 89 16 189 116 32 132 33 133 46 146
Route 11 : 14 41 141 96 196 114 54 154 90 48 148 66 190 70 170 166
Route 12 : 6 68 168 8 108 106 40 140 44 144 99 3 199 103
Route 13 : 30 130 75 175 1 101 81 181 58 158 57 157
Route 14 : 36 136 21 121 67 63 167 12 112 163
