Instance name:    bar-n200-2
Authors:          PDPTW Solver
Date:             2025-11-20
Reference:        LNS with SA/RTR
Solution
Route 1 : 24 124 74 174 48 85 185 148
Route 2 : 56 69 169 156 30 130 79 179
Route 3 : 95 65 165 86 29 186 129 195 10 110
Route 4 : 31 131 63 163 93 67 6 193 167 106
Route 5 : 8 94 194 108 28 128
Route 6 : 46 41 55 155 141 146
Route 7 : 61 90 80 190 180 54 154 161
Route 8 : 15 32 132 115 97 197 2 102
Route 9 : 39 72 172 139 89 57 189 157
Route 10 : 51 151 36 38 40 136 140 138
Route 11 : 64 26 164 126 78 178 13 113
Route 12 : 77 177 59 159 91 191 83 183
Route 13 : 98 198 21 66 121 34 166 134
Route 14 : 14 114 47 81 181 147 75 175
Route 15 : 11 58 158 111 52 152 87 187
Route 16 : 20 120 71 171 33 133
Route 17 : 92 76 176 37 49 149 99 199 192 137
Route 18 : 9 5 105 109 42 142 100 200
Route 19 : 35 27 22 135 127 122 18 118
Route 20 : 4 3 103 104 23 7 123 107
Route 21 : 12 17 117 112 88 188 25 70 170 125
Route 22 : 60 160 82 182 84 184 1 101
Route 23 : 62 45 145 162 73 173 96 196
Route 24 : 43 143 53 153 19 119 50 16 116 150
Route 25 : 44 68 144 168
