Instance name:    bar-n5000-1
Authors:          PDPTW Solver
Date:             2025-11-20
Reference:        LNS with SA/RTR
Solution
Route 1 : 2036 4536 1375 3875 594 3094 1297 3797 214 2714 440 184 2684 1738 4238 1437 3937 2940
Route 2 : 953 3453 144 285 2785 2644 1529 4029 1744 4244 398 226 2726 2898 1550 4050 1199 1149 3649 3699
Route 3 : 357 293 2793 691 3191 711 3211 2857 1968 912 4468 3412 201 2701 131 672 3172 2631
Route 4 : 1373 3873 1859 4359 1001 173 2673 3501 1742 4242 521 3021 2301 661 3161 4801 300 1843 4343 2800
Route 5 : 2331 4831 2108 4608 743 1770 3243 4270 758 2012 4512 3258 2180 4680 2443 4943 619 3119 480 2980
Route 6 : 329 696 3196 1975 4475 2829 430 2930 838 1944 2419 3338 4919 4444 860 10 2510 3360
Route 7 : 545 3045 1094 1573 4073 3594 1771 2050 4271 4550 1842 4342 1554 4054 673 3173
Route 8 : 1112 3612 192 2692 2053 4553 437 1226 3726 2937 1290 3790 1288 235 2735 3788 115 2615
Route 9 : 1144 3644 608 3108 2332 4832 1265 3765 819 3319 217 2717 518 3018 110 2610 652 3152
Route 10 : 777 1186 3686 3277 141 2641 19 2519 1218 3718 559 3059 1658 4158
Route 11 : 1622 4122 1645 895 3395 4145 1980 4480 412 1504 1241 3741 4004 2912 1374 3874
Route 12 : 2125 4625 341 615 3115 1390 2841 3890 1598 4098 668 56 2556 3168
Route 13 : 842 1085 3585 1448 3948 988 3488 1445 3945 1272 3772 468 2968 68 2568 1351 3851 3342
Route 14 : 2237 4737 2318 4818 2456 4956 2439 4939 2096 2113 4613 4596 2307 4807
Route 15 : 2258 4758 331 2831 2298 4798 544 3044 1748 4248 2158 4658 1101 3601 512 2293 4793 3012 2295 4795
Route 16 : 2337 4837 660 682 3182 3160 664 3164 349 2849 1660 79 2579 1054 4160 3554 1793 1588 4088 4293
Route 17 : 1233 3733 1244 3744 2106 4606 32 2532 1825 4325 363 2863 586 3086 1871 4371 1031 3531 4 2504
Route 18 : 2238 4738 1489 3989 2263 4763 585 3085 1369 3869 2446 1903 1188 1362 4946 3862 3688 4403
Route 19 : 2286 4786 2055 2438 4938 4555 1524 4024 1592 1379 3879 1615 4115 4092 826 1058 3558 3326
Route 20 : 2213 4713 1920 4420 1766 1926 1360 4426 4266 1457 3860 3957 1535 2168 4668 4035 676 1567 4067 3176 1158 3658
Route 21 : 2466 1063 3563 1189 2277 3689 4777 4966 278 2778 1893 4393 1678 4178 964 922 3464 2271 3422 1212 3712 4771
Route 22 : 2366 4866 731 3231 1020 854 3354 3520 1027 3527 266 2766 996 3496 2086 4586
Route 23 : 71 2571 2278 4778 62 2562 643 3143 1080 3580 709 1853 4353 410 3209 2910 1171 3671
Route 24 : 1882 859 3359 1018 3518 45 2545 2253 4753 1162 3662 820 3320 169 2669 1860 4360 4382
Route 25 : 651 3151 1779 4279 1802 4302 487 1216 3716 2987 1047 3547 463 182 5 2505 2682 2963 2100 4600
Route 26 : 1132 3632 2471 202 2702 4971 1826 4326 729 3229 632 396 2896 3132 1844 4344
Route 27 : 1881 2046 4546 2015 4515 4381 2235 4735 956 3456 1406 3906 259 91 2591 2759 570 3070 1230 3730
Route 28 : 1299 3799 2395 1823 4323 127 2627 4895 316 2816 2454 4954 754 385 2885 3254
Route 29 : 1798 466 2966 4298 1079 3579 1664 212 2712 4164 1303 3803 1298 3798 1716 4216
Route 30 : 1157 3657 1455 1890 2339 4839 4390 1463 339 3955 2839 3963 738 2070 4570 3238 1767 4267
Route 31 : 800 3300 1120 78 2578 3620 2462 980 3480 4962 1557 4057 1499 900 3400 573 3073 3999
Route 32 : 1899 4399 1907 1007 3507 4407 2365 4865 1570 4070 50 2550 1413 3913 1634 4134 2343 1949 4449 4843
Route 33 : 2345 4845 1827 4327 736 263 2194 4694 2763 3236 90 2590 1701 548 4201 3048
Route 34 : 1763 1277 3777 4263 2128 638 3138 578 3078 4628 154 2654 1175 3675 888 3388 735 3235 1757 685 3185 4257
Route 35 : 1986 4486 994 3494 1608 582 3082 1000 3500 4108 1165 3665 126 2626
Route 36 : 523 99 1732 4232 3023 2599 1822 1328 1498 3998 3828 4322 1254 3754 301 1222 2364 3722 4864 2801
Route 37 : 1291 3791 2242 2355 4855 4742 1561 4061 513 3013 1051 3551 1366 2379 4879 3866 462 2962
Route 38 : 496 2996 495 2995 1339 3839 846 2248 4748 2182 3346 4682 703 3203 1625 4125 620 3120
Route 39 : 2127 1521 4021 4627 872 3372 272 2772 1021 3521 8 2508 1284 1107 3784 3607 537 258 3037 2758
Route 40 : 2095 4595 253 2753 1422 1971 4471 3922 1558 4058 815 3315 12 2512 666 3166 1330 3830
Route 41 : 771 2112 4612 3271 1572 4072 1595 4095 1484 1760 4260 3984 1045 3545 1093 3593
Route 42 : 15 1152 3652 2377 2515 4877 1008 2473 3508 4973 332 2832 1972 4472
Route 43 : 704 3204 282 2043 4543 1434 3934 2782 209 2709 750 3250 862 3362 455 2955 853 3353
Route 44 : 1227 3727 1382 3882 505 3005 885 1799 4299 3385 1238 3738 228 2728 482 2982
Route 45 : 706 347 2847 3206 1412 3912 2193 1720 4220 4693 2126 106 2606 4626
Route 46 : 1740 4240 1821 4321 998 1933 1937 2146 4433 4646 3498 279 4437 2779 788 3288
Route 47 : 1845 4345 2010 4510 1911 4411 809 3309 125 2625 2487 450 2950 4987 1039 3539 1037 3537
Route 48 : 1831 17 4331 825 3325 1114 2517 3614 1347 2426 3847 930 449 4926 2949 241 2741 3430
Route 49 : 1416 3916 625 3125 1621 4121 1508 2283 4783 1483 3983 2223 4723 277 2777 4008 1974 4474 1500 4000
Route 50 : 2031 4531 581 3081 1776 168 2668 4276 483 2983 1418 80 2580 3918 2340 1231 3731 4840
Route 51 : 2398 1232 3732 824 3324 4898 712 3212 1089 3589 1200 476 2976 3700 309 2 2502 2809 1631 4131
Route 52 : 1035 3535 904 577 3077 1857 3404 2118 4618 4357 2472 4972 238 1585 4085 2738 2397 4897
Route 53 : 2412 4912 1057 3557 474 2974 67 2567 281 2781 1875 4375 993 362 2862 3493 595 3095
Route 54 : 1343 3843 1772 4272 971 3471 491 2991 1655 4155 1354 520 3020 3854 869 3369 2294 4794
Route 55 : 101 2601 757 3257 344 2844 1077 3577 433 2933 538 3038 1796 4296 2092 4592 2259 4759 1515 4015
Route 56 : 2256 4756 386 2886 1405 3905 422 2922 2039 4539 2090 4590 1148 3648 1583 4083
Route 57 : 607 3107 2427 1765 4265 4927 874 3374 880 105 2605 3380 1364 3864 1764 985 3485 4264 1444 3944 1672 4172
Route 58 : 2251 4751 667 926 3426 3167 177 2677 1446 2026 3946 4526 2494 1387 3887 670 3170 4994
Route 59 : 1052 3552 1300 3800 25 2525 628 2386 3128 1582 4082 159 1097 3597 4886 2659 265 2765
Route 60 : 2207 4707 2442 4942 1706 4206 907 1281 3781 3407 2370 768 3268 4870
Route 61 : 165 2665 294 2794 1338 3838 2481 488 2988 4981 2137 4637 1395 3895 2390 1717 4217 4890
Route 62 : 1803 4303 86 2586 492 1478 3978 2992 553 3053 308 2808 2320 4820 149 2649 716 3216
Route 63 : 465 2097 4597 2965 527 3027 1441 1928 4428 2483 4983 3941 1787 973 3473 4287
Route 64 : 335 2835 360 1817 4317 2860 1497 3997 1930 2268 4768 4430 760 3260 1983 4483
Route 65 : 1409 1976 4476 925 3425 3909 534 898 3398 2054 662 3162 4554 429 3034 2929
Route 66 : 1579 4079 949 1163 3663 3449 2469 1135 3635 4969 395 658 3158 927 3427 2895 414 2914 1605 4105
Route 67 : 663 997 749 3249 687 3187 3497 2121 3163 1459 4621 3959 1116 3616 886 66 2566 3386 590 3090
Route 68 : 2264 1332 3832 269 2769 4764 1929 1830 4330 4429 2458 4958 1578 599 3099 4078 425 2925 2450 4950 1545 111 2611 4045
Route 69 : 2246 1635 4135 4746 1702 4202 1348 1833 221 2721 485 2985 3848 4333 543 3043 593 755 3255 3093 1363 3863
Route 70 : 817 3317 206 2706 1088 311 2811 3588 2464 4964 879 1421 1349 3849 3921 3379 571 3071
Route 71 : 2306 53 2553 4806 2060 4560 883 3383 784 3284 1493 3993 2120 4620 1641 4141 256 2756
Route 72 : 2499 4999 769 1389 3889 2030 4530 600 3100 3269 919 791 3291 140 2640 3419 421 2921
Route 73 : 1745 270 2770 4245 2356 1834 4334 751 4856 3251 2022 1954 4454 4522 542 467 2967 3042 1196 847 3347 3696
Route 74 : 1978 4478 850 3350 1169 3669 1982 4482 2040 863 3363 4540 213 2713 1684 4184 1325 3825 1115 3615 1096 3596
Route 75 : 2088 4588 724 216 2716 3224 2224 4724 1404 3904 41 2541 1518 4018 218 2718
Route 76 : 992 3492 1173 1302 3802 2083 4583 299 3673 2799 830 250 2750 314 2814 3330 1104 486 2986 3604
Route 77 : 2375 4875 2315 29 4815 2529 1482 3982 2104 692 3192 4604 1305 1532 840 3340 4032 3805
Route 78 : 1564 4064 1023 275 2775 3523 348 2848 596 606 3106 3096 1957 4457 456 1204 3704 2956
Route 79 : 1565 4065 1491 1867 4367 977 1060 3560 3991 3477 145 2645 540 3040 938 3438 1013 3513
Route 80 : 2319 4819 1142 1774 637 3137 3642 1256 3756 4274 274 2774 93 2593
Route 81 : 2109 4609 2296 327 2827 4796 1502 4002 1991 1533 4033 128 881 3381 2628 4491 1921 4421 254 2754
Route 82 : 158 2658 1490 3990 2401 4901 1237 3737 2105 4605 464 102 2602 2964 873 3373 924 3424
Route 83 : 2169 4669 1690 4190 200 2700 2275 4775 2430 4930 747 3247 245 2745 1733 813 3313 4233
Route 84 : 2019 4519 1673 535 3035 4173 2500 780 3280 5000 1220 1914 519 3019 4414 3720 320 649 3149 2820 2449 4949
Route 85 : 2143 49 2549 1398 1715 4215 3898 306 2806 4643 290 2790 39 2539 400 2900 1009 3509
Route 86 : 100 2600 1481 3981 1905 4405 1786 4286 1872 4372 522 326 2826 3022 1461 3961 2317 4817
Route 87 : 2361 4861 2085 4585 1383 286 2786 1809 4309 3883 1506 120 2620 4006 1800 4300
Route 88 : 2230 261 2761 4730 2299 4799 2157 4657 1819 1616 4116 4319 1195 3695
Route 89 : 1507 4007 646 3146 818 1897 4397 350 2850 3318 460 2960 1126 3626 1118 3618 23 2523
Route 90 : 858 2117 3358 121 2621 403 2358 4858 2903 190 2690 4617 814 3314 2420 774 3274 4920
Route 91 : 756 3256 1154 3654 443 2943 2266 1925 4425 123 2623 4766 2075 4575 1566 4066
Route 92 : 1783 243 2743 2382 4882 4283 402 2902 185 610 3110 2685 2482 4982 2474 4974 473 1734 4234 2973
Route 93 : 1670 4170 2451 4951 1473 3973 289 1657 4157 325 2825 1113 3613 2789 367 2867 766 3266
Route 94 : 2247 4747 1966 4466 431 2931 989 3489 230 2411 4911 2730 952 3452 1663 1820 4320 4163 566 3066 334 2834
Route 95 : 406 618 2906 1370 3870 950 3450 1053 3553 330 2830 1202 3702 3118 1435 3935 1898 4398 203 2703
Route 96 : 1599 4099 1264 2309 4809 3764 1513 2161 4013 995 3495 4661 1270 3770 686 1517 4017 3186
Route 97 : 364 2864 592 3092 730 3230 1527 197 2697 4027 2261 4761 295 2795 1197 1255 3755 3697
Route 98 : 1795 4295 1359 1952 4452 3859 2035 1619 4119 4535 1028 2021 4521 1400 3900 3528
Route 99 : 2058 4558 1251 991 525 3491 3751 1433 3025 3933 1134 234 2362 3634 4862 2734 891 3391 34 2534 2453 4953
Route 100 : 1388 1043 3543 3888 264 2764 287 1356 3856 2787 2197 1334 3834 4697 382 2882 2241 4741
Route 101 : 1943 458 2958 2488 4443 4988 1123 630 3130 1614 4114 1125 3623 3625 1177 148 2648 3677
Route 102 : 1122 3622 2145 1577 1894 4394 4077 828 3328 4645 1025 3525 1811 4311 336 1551 4051 2836
Route 103 : 432 2932 623 387 2887 3123 1420 3920 1312 3812 1688 4188 1880 4380 695 2141 4641 3195
Route 104 : 916 3416 1781 622 3122 1430 3930 4281 1156 3656 2300 4800 2210 2192 4710 4692 968 3468
Route 105 : 717 1540 4040 617 3117 3217 1414 3914 1295 3795 529 3029 1320 3820 152 2652 119 2619
Route 106 : 1543 370 2870 4043 504 2038 4538 3004 1022 3522 665 2218 4718 3165 1292 3792
Route 107 : 827 3327 1542 4042 323 2823 44 2544 2133 4633 2373 1685 4185 1538 4038 4873 878 3378
Route 108 : 239 1307 3807 2739 377 2877 1662 567 3067 4162 1553 1726 4226 4053 2160 1737 1213 3713 4660 4237
Route 109 : 247 2045 4545 2747 1700 4200 2498 419 2919 4998 1282 1758 4258 3782
Route 110 : 1967 1603 4103 52 2552 4467 109 1401 3901 1516 4016 2609 2272 4772 962 3462 2051 428 2928 4551
Route 111 : 1669 4169 775 24 2524 3275 1718 647 3147 4218 1034 3534 1050 3550 1454 3954 408 2908
Route 112 : 1979 564 4479 3064 1117 77 2577 3617 831 225 2725 3331 970 3470 752 3252 328 2828 1992 4492
Route 113 : 227 2727 1012 3512 1505 4005 2123 4623 1278 3778 605 3105 2211 4711 1651 4151 1321 2233 3821 4733
Route 114 : 22 2522 391 2891 170 427 2927 2670 1036 1514 4014 451 2951 1240 1262 3536 3740 233 2733 3762 1862 4362
Route 115 : 1912 1981 4481 4412 1626 4126 1105 648 3148 3605 2215 4715 390 2890 1942 4442 207 2707
Route 116 : 417 2917 420 2920 2406 4906 2302 4802 1924 4424 1139 3639 1471 389 3971 2889
Route 117 : 354 2854 2069 4569 355 2855 1539 4039 1011 27 2527 3511 1399 1769 156 2656 3899 4269
Route 118 : 2183 1679 4179 4683 208 2708 1865 4365 1267 3767 1458 3958 2285 4785 1759 180 2680 4259
Route 119 : 1355 3855 677 1829 4329 3177 1951 4451 1611 4111 137 2637 1407 515 3015 3907
Route 120 : 394 1752 4252 2894 178 2678 9 906 3406 2509 2227 393 1485 3985 2893 524 3024 4727 1705 4205
Route 121 : 1627 4127 195 2695 1257 631 3131 1580 4080 1746 3757 1559 4059 4246 1408 3908 399 2899
Route 122 : 2136 4636 626 1969 4469 3126 345 2845 560 3060 2175 2177 4677 57 2557 4675
Route 123 : 624 3124 166 2666 1640 1686 4140 1480 3980 4186 1326 983 509 3483 3826 1812 4312 3009 1428 3928 939 3439
Route 124 : 2485 283 2783 2354 4854 1228 3728 4985 43 2543 1711 4211 1877 4377 1324 3824 16 2516
Route 125 : 2067 4567 1068 3568 1140 3640 804 3304 161 2661 240 2740 181 2681 2003 1934 4434 4503 1367 3867
Route 126 : 835 3335 1182 721 3221 1633 4133 1194 3694 3682 526 3026 1044 2080 4580 3544 205 2705 976 3476
Route 127 : 572 3072 1797 4297 2314 1768 1932 4432 4268 85 2585 2496 4996 4814
Route 128 : 2084 4584 772 3272 122 1683 2622 1747 4247 936 4183 3436 539 3039 87 2587 718 2065 4565 3218
Route 129 : 733 1110 3610 1341 3841 3233 2025 4525 2103 4603 2480 4980 409 63 2563 2909 1494 3994
Route 130 : 471 188 2688 2971 189 550 3050 2689 1987 4487 160 2660 972 3472 1522 1654 4022 4154 2190 4690
Route 131 : 1909 2422 4922 4409 2017 4517 1131 174 2674 3631 933 3433 1090 2187 4687 3590 1520 4020 987 3487
Route 132 : 517 3017 613 3113 832 616 3116 3332 1311 1808 4308 3811 439 2939 2011 4511
Route 133 : 2399 196 82 2696 4899 1440 986 3486 1145 2582 3940 3645 1998 4498 338 2838 1161 1372 3872 236 2736 3661
Route 134 : 1956 4456 762 3262 224 2724 549 3049 310 2810 1638 1477 3977 4138 1913 4413
Route 135 : 554 1425 3925 3054 1275 3775 834 3334 215 2715 1586 4086 911 2013 4513 3411
Route 136 : 1959 4459 155 1927 2655 816 3316 4427 2363 2091 4591 4863 1377 3877 1138 3638 1861 4361
Route 137 : 1410 3910 1352 3852 1179 3679 990 1977 4477 3490 1061 3561 1995 151 4495 2651 1948 4448
Route 138 : 1919 4419 2371 905 3405 4871 1985 4485 1376 3876 702 3202 291 2791 2033 4533
Route 139 : 2460 4960 2330 2064 4564 4830 1185 3685 851 3351 232 2732 187 2687
Route 140 : 134 2634 92 2592 2163 343 2843 4663 315 2815 654 3154 541 31 2531 3041 1794 4294 260 2760 2491 4991
Route 141 : 2270 4770 302 2802 1402 3902 446 2946 2057 4557 2376 4876 2493 4993 2073 4573 2490 4990
Route 142 : 1901 1306 4401 3806 890 3390 2409 1335 1392 3835 4909 656 124 2624 3892 3156
Route 143 : 1590 4090 598 3098 1266 3766 1728 1271 3771 690 3190 4228 713 3213 2292 4792 903 3403 179 2679
Route 144 : 563 1689 4189 3063 2350 1910 4410 4850 2209 612 3112 4709 457 2957 1331 3831
Route 145 : 1170 3670 470 2970 2459 1024 901 3524 4959 3401 1269 312 2812 3769 516 146 2646 1873 4373 3016 803 3303
Route 146 : 268 2768 882 2290 3382 4790 2391 740 3240 4891 2153 4653 337 2837 2098 2476 4976 4598 855 3355
Route 147 : 379 2124 4624 1883 1436 3936 1006 3506 4383 1208 2879 3708 575 3075 388 728 3228 2888
Route 148 : 1049 1773 4273 2322 4822 3549 1801 2342 4842 1854 4354 4301 1534 4034 2403 2372 4872 4903
Route 149 : 2006 4506 459 1198 1526 3698 2959 1098 244 2744 1950 4450 3598 441 2941 4026
Route 150 : 1103 2005 26 2526 4505 3603 2281 4781 1066 84 2584 3566 1549 4049 1642 4142
Route 151 : 1010 3510 959 3459 392 2892 2344 4844 1547 4047 1731 4231 2425 1697 4197 4925 794 3294
Route 152 : 805 2208 1712 4212 3305 4708 1327 3827 789 3289 210 2710 1322 397 2897 3822 790 3290
Route 153 : 1741 4241 1111 96 2596 961 3461 3611 359 2859 2369 1922 4422 4869 1931 4431 1563 4063 1287 365 2865 3787
Route 154 : 1470 2196 3970 4696 2229 864 3364 4729 655 3155 2282 4782 2441 11 2511 4941 2467 963 3463 4967
Route 155 : 1869 4369 453 2953 1994 641 255 2755 3141 4494 2479 4979 1005 3505 2313 2151 4651 4813 531 3031
Route 156 : 896 843 3343 1394 3894 3396 2239 719 3219 4739 1536 4036 73 2573 1003 3503 2189 4689
Route 157 : 2243 707 3207 4743 1065 371 2871 3565 2052 4552 30 2530 1788 4288 765 3265 2206 4706
Route 158 : 2245 4745 1261 3761 893 3393 1964 4464 251 609 3109 2751 407 2907 199 2699 2079 4579
Route 159 : 1301 1296 3796 3801 699 3199 1864 2325 4825 684 3184 4364 2267 4767 1806 4306 1214 3714 2047 4547
Route 160 : 472 444 2944 2972 2249 4749 2198 4698 745 3245 552 1423 3923 1839 4339 1667 4167 3052 1523 4023
Route 161 : 1624 4124 2185 841 4685 1059 3559 3341 801 3301 1091 3591
Route 162 : 2280 4780 384 2884 1575 4075 150 74 2574 2650 500 3000 2068 4568 2435 4935 1083 3583
Route 163 : 2414 4914 951 3451 753 3253 910 510 3010 452 2952 454 2954 1032 3532 3410 198 2698
Route 164 : 746 3246 1247 3747 376 2876 945 2470 4970 1378 3878 3445 1668 4168 1137 634 3134 3637
Route 165 : 1310 38 2538 778 3278 3810 2099 4599 1692 4192 507 3007 710 3210 171 2671
Route 166 : 1681 4181 1743 4243 1600 2297 4797 1501 4001 4100 902 1136 3636 3402 627 3127 741 3241 1285 3785
Route 167 : 557 3057 584 423 2923 183 3084 2683 899 3399 1432 3932 967 3467 2388 4888 1574 4074
Route 168 : 445 2945 556 569 3069 3056 773 793 3293 3273 833 3333 2304 533 3033 4804 734 3234
Route 169 : 1947 4447 1644 4144 1041 909 3541 3409 1618 4118 2102 4602 375 1100 2875 322 2822 3600
Route 170 : 705 2389 4889 3205 2217 317 2817 4717 1201 3701 653 3153 1874 4374 551 3051 426 2926
Route 171 : 2308 4808 2423 4923 1693 4193 2150 4650 2418 2164 4918 1004 3504 413 2913 2016 4664 4516
Route 172 : 490 2990 1713 4213 2232 782 1762 4262 3282 4732 411 2911 1293 3793 1935 4435 2400 4900 2135 2166 4666 4635
Route 173 : 2093 4593 1081 3581 242 1725 4225 565 3065 2742 1380 3880 1620 4120 1106 3606
Route 174 : 1172 1810 4310 501 3001 3672 297 2797 887 3387 2148 4648 318 1181 796 3296 1016 3516 3681 2818
Route 175 : 2360 4860 1476 3976 153 1698 4198 2653 1015 1447 3947 1519 4019 3515 2110 4610 748 3248
Route 176 : 1723 4223 2452 4952 75 2575 324 2824 2191 528 3028 4691 1704 4204 461 2961 1239 3739
Route 177 : 1953 2405 4905 4453 1234 1242 3742 1940 4440 1474 3734 1970 4470 3974 1426 3926 1166 3666 1973 2465 4965 4473 499 2999
Route 178 : 1431 69 2569 1133 1056 3556 3633 3931 2244 1315 3815 2116 4744 4616 2219 1128 3628 4719 1280 3780
Route 179 : 1017 2138 4638 3517 935 1555 2147 4647 4055 2181 4681 3435 1958 2186 4458 2066 4566 4686
Route 180 : 1707 4207 1777 917 4277 979 3479 744 222 3244 2722 2179 147 2647 941 3417 3441 4679 894 3394
Route 181 : 2335 4835 2428 4928 340 2840 1965 4465 1151 946 3446 3651 1546 4046
Route 182 : 1855 4355 810 3310 1836 4336 1828 4328 1086 3586 313 2813 138 2638 2353 1503 4003 4853
Route 183 : 1124 1309 3809 984 3484 3624 1962 4462 1076 3576 785 3285 333 1191 2833 249 3691 2749 822 2367 4867 3322
Route 184 : 974 3474 2159 4659 380 2880 2407 4907 2220 588 4720 3088 1531 64 2564 4031
Route 185 : 2279 4779 629 172 2672 3129 1665 4165 40 2540 1739 4239 2076 4576 1333 130 2630 1584 3833 4084
Route 186 : 88 2588 2004 2433 4933 2234 4734 1556 4504 4056 424 61 2561 2924 2077 4577
Route 187 : 1589 4089 1945 848 3348 4445 781 1870 4370 1385 3885 3281 20 2520 1391 3891 1677 4177
Route 188 : 1993 4493 307 932 1856 3432 2807 1784 4284 4356 1888 4388 220 2720 589 3089 1719 135 2635 4219 1453 3953
Route 189 : 714 3214 2380 435 2935 4880 1167 1164 3664 868 3368 1996 4496 3667 1510 252 2752 36 2536 4010
Route 190 : 829 3329 1528 4028 1652 4152 856 3356 923 3423 1469 1329 3829 3969 1895 4395 931 157 2657 3431
Route 191 : 1002 3502 1724 4224 783 3283 116 2616 1541 4041 633 418 2918 3133 1639 133 2633 4139
Route 192 : 1840 4340 1729 4229 1990 4490 701 3201 1736 4236 2432 1917 4417 114 2614 4932 954 3454 381 2881
Route 193 : 1415 1879 4379 580 3915 3080 2221 4721 2028 798 3298 4528 1129 3629 2393 4893 2349 4849
Route 194 : 1183 3683 808 928 3428 2130 4630 3308 366 2866 2195 1496 3996 4695 844 3344 837 958 3458 3337
Route 195 : 871 3371 1750 2385 4250 4885 737 918 3418 3237 481 2981 2351 4851 2378 1838 4338 4878
Route 196 : 1019 3519 2236 1064 2204 4736 3564 1381 3881 944 3444 1071 2416 3571 257 2757 4916 4704
Route 197 : 112 2612 2162 4662 1636 342 2842 4136 2383 597 3097 4883 2007 795 3295 4507
Route 198 : 1495 3995 2440 1858 799 3299 4358 1544 4044 4940 1696 4196 1637 4137 1851 4351 942 3442 296 1345 3845 2796
Route 199 : 1038 3538 194 2694 2149 1417 3917 792 3292 4649 1963 4463 1596 4096
Route 200 : 1472 639 3139 3972 1095 1804 4304 3595 1612 4112 547 3047 1365 3865 2448 4948
Route 201 : 1384 688 3188 1955 3884 1988 4455 4488 95 2595 921 3421 742 3242 797 321 2821 3297 117 2617 2374 4874
Route 202 : 1537 4037 369 2869 2429 18 2518 4929 732 292 2792 1344 3232 3844 1674 4174 636 3136 2131 4631
Route 203 : 807 3307 319 2437 4937 2819 1040 3540 1078 3578 1866 4366 1159 929 3429 811 3311 3659
Route 204 : 1029 889 3529 276 2776 2486 4986 3389 2078 1680 4180 4578 2421 4921 708 3208 2170 4670 839 3339
Route 205 : 642 3142 2457 611 3111 4957 1146 727 3227 3646 603 3103 683 3183 1512 4012 1487 3987
Route 206 : 715 3215 1666 434 2934 4166 479 2979 1268 3768 568 3068 530 65 2565 3030
Route 207 : 1456 3956 1938 4438 448 2948 1207 3707 2018 1313 3813 4518 1807 601 3101 2201 4701 4307
Route 208 : 966 372 2872 3466 1791 37 2537 4291 2014 4514 1206 3706 211 1316 3816 2711 1892 4392 1999 4499
Route 209 : 1193 3693 378 1511 4011 2878 2071 1753 4253 4571 503 576 3003 3076 2089 2059 4559 4589
Route 210 : 981 231 2731 3481 89 2589 497 2997 2273 4773 2002 2188 4688 4502 358 2858 821 587 3321 3087 1813 4313 1832 4332
Route 211 : 1178 3678 948 1014 3514 3448 1055 271 2771 3555 2404 1127 3627 2311 4811 4904 720 3220
Route 212 : 1439 761 3261 3939 2408 502 3002 4908 1223 1248 3748 3723 494 2994 689 108 2608 3189 2203 4703
Route 213 : 937 1258 175 2675 3758 3437 2081 383 4581 2883 1205 681 3181 2222 3705 4722 2142 4642 1475 3975
Route 214 : 1342 1751 680 4251 3842 3180 2305 4805 1790 4290 1033 3533 511 3011 58 2558 940 3440 1211 3711
Route 215 : 7 1396 2507 3896 2214 4714 103 2603 1087 223 2723 3587 303 2803 1709 4209 1876 4376 1761 4261
Route 216 : 2329 4829 2061 4561 562 3062 1896 1850 4350 4396 191 1837 4337 2691 1852 60 2560 4352
Route 217 : 1468 3968 2226 4726 1155 3655 1357 866 3366 674 3174 3857 1530 2310 4810 4030 1443 1168 3668 3943
Route 218 : 469 2969 1249 2184 4684 83 3749 852 2132 3352 1593 4093 4632 1250 3750 694 3194 2583
Route 219 : 2384 4884 1147 3647 1260 3760 405 1411 3911 2905 786 3286 368 2868 237 2737 2155 4655
Route 220 : 2341 1318 3818 1630 4841 1591 4091 246 2746 1235 1730 4230 3735 1429 3929 4130 356 2856 1936 4436
Route 221 : 1552 4052 2260 4760 1160 3660 1294 3794 1449 3949 2111 4611 2352 4852 1629 4129 2392 4892
Route 222 : 561 3061 2394 4894 1109 3609 2082 4582 2387 4887 2333 4833 982 3482 2087 739 3239 4587
Route 223 : 1452 3952 764 3264 1346 3846 2495 4995 1694 4194 1695 81 2581 4195 867 3367
Route 224 : 262 2762 70 884 3384 2570 955 669 1594 3169 3455 2231 162 2662 4731 4094 1904 4404
Route 225 : 2274 4774 1424 3924 1824 4324 1571 4071 2094 4594 1754 4254 2101 4601 14 1209 3709 2514
Route 226 : 1393 3893 1026 3526 892 3392 248 2748 478 2978 2321 4821 1735 1176 4235 1863 4363 3676
Route 227 : 657 1062 3562 1368 2144 4644 3157 273 361 2861 806 3868 2773 1891 3306 59 2559 4391
Route 228 : 1916 4416 960 3460 1465 969 3469 2041 4541 2489 4989 2327 2346 4846 4827 3965 1509 4009 1613 4113
Route 229 : 1427 3927 1070 3570 374 351 2851 2424 4924 1886 4386 2874 1609 4109 1525 4025
Route 230 : 1923 4423 415 13 2915 1397 2513 3897 1915 943 3443 4415 1617 2492 4992 298 2798 4117
Route 231 : 1604 659 3159 4104 2027 4527 447 2947 1102 3602 913 3413 2334 4834 2140 4640 1918 635 3135 4418
Route 232 : 2134 4634 1989 4489 1785 1815 2216 4716 4315 759 3259 4285 1304 3804
Route 233 : 558 3058 416 2240 4740 2916 1336 3836 1442 3942 1075 3575 2276 957 3457 1225 3725 4776
Route 234 : 346 2846 2122 4622 1488 876 3988 3376 1676 4176 2436 1941 4441 4936 489 2989 1219 3719
Route 235 : 767 3267 1046 1847 4347 2042 1643 4143 3546 4542 763 3263 1319 3819 1878 4378 2287 4787 1946 4446
Route 236 : 857 2431 3357 2312 4812 477 2977 4931 1602 4102 2250 4750 2037 1653 4537 4153 1749 4249
Route 237 : 861 3361 2024 4524 2063 4563 1314 3814 1143 3643 1868 4368 1486 3986 2056 4556
Route 238 : 1153 72 2572 3653 1849 4349 129 2463 4963 2629 2023 4523 304 2804 2171 4671 1274 3774
Route 239 : 1576 4076 2347 143 2643 28 4847 2528 770 1902 3270 1780 1906 2048 4406 4548 4402 4280 2413 4913
Route 240 : 1361 164 2664 3861 401 2444 4944 2901 280 2780 498 55 2555 2998 1203 3703
Route 241 : 1648 4148 914 3414 176 2676 2468 614 2255 3114 4968 4755 1048 3548 975 3475 132 2632 1708 4208
Route 242 : 845 3345 693 3193 1628 1623 4123 2034 4534 4128 2410 4910 2252 4752 1451 3951
Route 243 : 2228 4728 1215 3715 621 3121 1756 4256 726 3226 836 2326 3336 4826 484 2984 438 2938
Route 244 : 877 3377 1252 3752 2114 1210 3710 4614 136 2636 1074 1180 3680 3574
Route 245 : 1908 4408 908 3408 2202 640 3140 4702 436 3 2503 2936 1069 3569 514 3014
Route 246 : 1581 1682 51 4182 650 2551 3150 4081 1467 3967 1236 3736 2167 4667 1092 3592 2001 4501 1710 4210
Route 247 : 1659 4159 1371 3871 2008 4508 1818 2396 4896 1646 2254 4754 4318 1714 4214 4146 2303 4803
Route 248 : 2381 4881 1141 3641 1308 3808 1350 1150 3650 3850 2165 4665
Route 249 : 229 2324 2729 1273 3773 4824 849 3349 2199 870 3370 1030 3530 4699 1289 3789 1671 4171 1835 4335 2284 4784
Route 250 : 1 947 3447 493 2993 2501 1661 21 2521 4161 897 3397 1816 4316
Route 251 : 2156 4656 1072 3572 536 3036 1984 142 2642 4484 1727 4227 2402 2072 4902 2119 4572 4619 193 2693 1805 4305
Route 252 : 2461 4961 2176 1722 4222 4676 1960 4460 1243 3743 2000 4500 1887 1358 3858 4387 1656 4156 1587 4087 42 2542
Route 253 : 2497 4997 1650 4150 2348 2129 4629 4848 1607 1548 4048 4107 1217 3717 787 3287 1187 1782 4282 3687
Route 254 : 2434 1462 3962 776 3276 4934 1283 6 2506 3783 2178 4678 97 2597 352 2338 4838 2852
Route 255 : 2032 2212 4712 2477 4977 1263 3763 104 1997 4497 2604 1649 4149 2336 163 2663 4836 4532
Route 256 : 2455 4955 2289 47 2547 4789 583 113 2613 3083 1703 4203 978 3478 2484 4984
Route 257 : 2316 4816 1323 1597 4097 3823 1224 3724 2288 4788 1562 4062 2139 2475 4975 4639 722 3222
Route 258 : 35 2535 555 3055 999 3499 1259 3759 1479 1647 4147 3979 1286 3786 2291 4791 2417 4917
Route 259 : 1253 678 3178 3753 1386 3886 604 3104 1889 4389 2049 4549 1438 3938 920 3420 2173 4673
Route 260 : 1466 94 2594 3966 1190 574 3074 3690 267 2767 1632 186 2686 4132 1789 4289
Route 261 : 1778 2447 4947 679 3179 4278 2174 508 2328 4828 3008 2265 1246 3746 4765 4674 2107 2044 4544 4607 1337 3837
Route 262 : 2205 1939 475 2975 4439 4705 875 3375 865 1775 4275 3365 1279 3779 1353 934 3853 3434 305 2805 675 3175
Route 263 : 1699 591 3091 4199 823 3323 2262 4762 1130 3630 2357 4857 2009 4509 1184 3684 2172 4672
Route 264 : 204 2704 1229 139 2639 3729 579 3079 2225 812 4725 2257 4757 3312 219 107 2607 2719
Route 265 : 2323 4823
Route 266 : 1174 3674 1082 3582 1601 4101 602 3102 442 965 3465 2942 1099 1460 3960 3599 284 2784
Route 267 : 1814 1755 4255 4314 546 3046 1606 2062 4562 4106 1317 3817 1340 3840 645 698 3198 3145
Route 268 : 373 2415 4915 2873 1721 4221 723 3223 118 1961 4461 2618 1610 4110 697 3197 1450 3950
Route 269 : 2029 4529 802 3302 2154 4654 1108 3608 2359 4859 1192 779 3279 3692 1119 1848 4348 3619
Route 270 : 404 2904 1221 3721 2368 4868 1900 2478 4978 4400 671 3171 1073 1419 2115 4615 3919 3573
Route 271 : 915 3415 1560 4060 2200 4700 1121 98 2598 3621 1568 4068 644 3144 700 3200 1846 4346
Route 272 : 2269 4769 1276 1245 3745 1884 4384 3776 1042 3542 532 3032 48 2548 506 3006
Route 273 : 353 2152 4652 2853 2445 76 46 2546 2576 1492 3992 4945 1464 3964 54 2554 288 2788
Route 274 : 1403 2020 1885 4385 1792 4292 4520 1841 4341 3903 1569 1675 4175 4069 1687 4187
Route 275 : 33 2533 1691 4191 2074 4574 1084 3584 1067 3567 167 2667 725 3225
