Instance name:    bar-n200-2
Authors:          PDPTW Solver
Date:             2025-11-20
Reference:        LNS with SA/RTR
Solution
Route 1 : 11 94 111 85 194 185
Route 2 : 46 77 45 145 177 50 16 116 150 146
Route 3 : 4 3 103 104 23 7 123 107
Route 4 : 31 17 117 131 93 42 142 193 34 134
Route 5 : 58 158 66 84 184 166 30 130
Route 6 : 51 151 36 136 33 133
Route 7 : 62 41 141 162 67 60 160 167
Route 8 : 98 198 69 169 2 40 140 102
Route 9 : 5 80 105 91 180 191 28 128
Route 10 : 56 156 54 100 154 200
Route 11 : 92 49 12 112 149 88 188 99 192 199
Route 12 : 74 174 47 147 79 73 173 179
Route 13 : 15 21 121 115 97 197 1 101
Route 14 : 8 108 44 68 144 168
Route 15 : 6 37 9 109 19 119 137 106
Route 16 : 95 76 176 72 172 38 138 195 10 110
Route 17 : 39 65 165 139 89 57 189 157
Route 18 : 24 124 86 22 29 186 129 122
Route 19 : 43 143 53 153 63 163 81 181 18 118
Route 20 : 82 182 32 78 132 178 13 113
Route 21 : 14 114 20 120 71 171 96 196
Route 22 : 61 64 26 126 164 70 170 161
Route 23 : 35 27 127 135 75 175
Route 24 : 59 159 52 152 87 48 187 148
Route 25 : 90 55 190 155 25 125 83 183
