Instance name:    bar-n200-6
Authors:          PDPTW Solver
Date:             2025-11-21
Reference:        LNS with SA/RTR
Solution
Route 1 : 16 116 27 127 86 98 198 186 63 163 33 91 191 133 72 172 42 142 40 71 171 140 44 144
Route 2 : 92 192 6 106 49 149 55 155 97 197 76 176 99 100 200 37 137 199
Route 3 : 28 80 180 77 177 39 139 128 14 88 188 10 110 114 96 196 2 102 21 121
Route 4 : 24 70 170 124 82 182 35 46 146 135 34 134 61 53 58 153 158 59 159 161
Route 5 : 62 162 57 157 95 1 101 195 19 15 119 23 115 25 125 123 81 181 36 136 47 64 147 164
Route 6 : 89 90 190 189 7 107 20 22 122 120 31 12 112 131 93 78 178 193 32 132
Route 7 : 13 113 54 74 174 154 87 187 8 108 11 56 156 111 66 85 185 166
Route 8 : 94 29 194 51 129 151 41 141 3 60 160 103 17 117 30 130 68 168 84 184 73 173
Route 9 : 52 152 45 145 67 167 9 83 183 109 79 69 169 179
Route 10 : 26 126 75 175 4 48 148 43 143 104 50 150 65 5 105 38 138 165 18 118
