Instance name:    bar-n5000-1
Authors:          PDPTW Solver
Date:             2025-11-20
Reference:        LNS with SA/RTR
Solution
Route 1 : 1682 4182 354 2854 832 3332 450 2950 97 2597 10 2510 954 3454
Route 2 : 461 2961 1834 4334 1023 3523 1511 4011 615 3115 1161 1274 1101 3601 3774 3661
Route 3 : 1273 3773 1777 4277 701 3201 2103 4603 146 2646 2320 4820 2047 228 429 2929 2728 4547
Route 4 : 195 2695 1577 4077 682 3182 2408 2469 4969 4908 2321 4821 325 2825 1032 1362 3532 3862 676 3176
Route 5 : 1901 817 835 3335 3317 153 4401 2653 2028 4528 519 3019 1727 4227 1793 1254 3754 4293
Route 6 : 376 2876 394 2894 1766 4266 544 3044 2362 4862 1647 4147 2175 4675 193 2693
Route 7 : 1732 1140 3640 1480 4232 3980 2468 4968 184 2684 500 3000 590 2476 4976 3090
Route 8 : 1881 4381 949 34 359 2859 2534 744 3244 3449 2068 4568 411 2911 2180 4680 531 3031 1031 3531 2089 4589
Route 9 : 166 2666 1024 3524 1040 3540 2391 4891 1327 726 3827 3226 1286 1660 4160 3786 2031 4531
Route 10 : 1476 3976 1751 1763 4263 580 3080 4251 1774 669 3169 4274 1005 3505 258 1080 3580 2443 2758 4943
Route 11 : 953 3453 144 2644 1372 3872 2230 4730 385 970 3470 2311 4811 2885
Route 12 : 591 3091 650 1178 3678 550 3050 3150 1523 37 2537 315 2815 4023 2141 526 3026 4641 2267 4767 180 2680 1761 4261
Route 13 : 2208 1490 1497 3997 3990 864 3364 4708 967 3467 1340 3840 1191 3691 408 2908
Route 14 : 1063 3563 2138 4638 1404 3904 730 3230 1087 3587 300 2800 1738 4238 151 2651
Route 15 : 1745 4245 2169 4669 1375 1988 4488 3875 780 3280 1557 363 2863 4057 1313 3813 126 2626 2372 4872
Route 16 : 705 1163 3205 3663 2094 317 2817 4594 1418 80 2580 3918 479 2979 634 3134
Route 17 : 1205 3705 1244 3744 2145 38 2538 1457 3957 1483 3983 4645 1344 3844 2070 4570 1545 4045 2465 4965
Route 18 : 829 1568 4068 3329 999 1338 3838 3499 674 3174 907 1099 3407 1887 973 3473 4387 2044 3599 4544
Route 19 : 496 2996 263 2763 340 816 3316 2840 190 309 2809 2690 413 1159 3659 2913 1158 3658
Route 20 : 1485 3985 1659 4159 773 3273 579 3079 2218 4718 473 803 3303 2973
Route 21 : 663 749 3163 2118 3249 121 2621 908 3408 2106 4606 601 3101 1653 4153 2013 4513 4618
Route 22 : 1810 4310 2025 4525 1169 3669 2297 1833 4797 1960 4460 4333 1933 4433 1522 4022 21 2521 438 2938
Route 23 : 691 3191 1976 86 4476 2586 1526 4026 492 2481 4981 2992 436 2936 2450 4950 1813 4313 2413 4913
Route 24 : 373 2873 1743 4243 239 2739 885 3385 935 1841 4341 3435 1098 2148 4648 3598 256 2756
Route 25 : 2006 4506 2008 4508 1799 1065 3565 212 2712 4299 886 3386 484 2984 668 2473 4973 3168
Route 26 : 1062 3562 1850 2376 4876 1513 4013 2432 4350 1714 4214 739 4932 3239 1304 117 2617 3804
Route 27 : 1409 3909 72 2572 1223 3723 2080 995 4580 412 3495 2912 2374 1759 4874 4259 571 3071
Route 28 : 1424 2232 77 2577 3924 468 4732 2968 681 1066 3566 3181 996 3496 1069 3569
Route 29 : 1589 4089 1750 52 2552 4250 2222 1004 4722 1502 3504 4002 503 3003 647 3147 481 2981 524 1195 3695 3024
Route 30 : 1351 724 3224 753 3253 2130 4630 118 2618 1874 4374 3851 1165 3665 2252 4752
Route 31 : 2136 4636 1122 3622 2445 76 2576 1492 129 2629 3992 4945 919 389 2889 3419 277 2777
Route 32 : 1540 4040 1064 637 3137 3564 1429 3929 560 3060 1367 381 2881 486 2986 3867
Route 33 : 2419 4919
Route 34 : 2431 554 1425 243 2743 3925 3054 785 3285 4931 333 2833 941 238 2738 3441 2086 741 3241 4586
Route 35 : 2088 4588 230 2730 1696 387 2887 4196 181 2681 1436 3936 214 2714 169 2669 720 3220
Route 36 : 1113 2270 4770 3613 1095 711 3211 3595 447 497 2997 2947 494 2994 654 3154 2073 4573 252 788 627 3127 3288 2752
Route 37 : 1907 4407 770 88 2588 3270 2464 4964 1518 4018 1551 670 3170 1697 4051 4197
Route 38 : 1174 3674 2318 386 2886 4818 402 2902 1130 3630 546 3046 586 3086 16 1651 4151 2516 279 2779
Route 39 : 1384 445 2945 611 2015 4515 122 3111 1057 3557 2622 3884 1368 952 3452 2352 4852 3868 1303 1218 3718 1407 1245 3907 3803 3745
Route 40 : 2361 1470 3970 4861 2063 4563 998 833 1378 3878 3333 3498 891 3391 2287 4787 440 2940
Route 41 : 30 2530 1462 3962 1085 103 2603 3585 1179 661 3161 3679 1854 2410 4910 4354 2171 4671
Route 42 : 1310 2326 1352 3852 3810 1103 3603 1748 4248 1964 4464 1284 3784 1675 4175 685 3185 12 2512 4826
Route 43 : 165 2665 783 3283 2471 4971 161 2661 574 3074 582 2424 3082 4924 1632 520 3020 4132
Route 44 : 423 2923 282 2459 4959 2782 446 1941 4441 2946 2357 1458 4857 3958 1687 946 3446 4187
Route 45 : 2269 4769 859 3359 1922 4422 868 3368 53 27 2527 2553 2182 4682 795 2271 4771 3295
Route 46 : 623 1173 3673 3123 2485 2144 889 3389 4644 4985 1604 4104 636 3136 1463 1177 3677 3963 796 3296
Route 47 : 2242 2010 28 2528 1849 4349 4510 4742 1543 628 3128 2470 4970 652 3152 4043
Route 48 : 1579 392 2892 4079 371 2871 1406 3906 172 40 2540 2672 1935 4435 1705 4205
Route 49 : 1382 2375 4875 3882 564 3064 1052 3552 1902 1207 3707 815 3315 1584 1998 4498 338 2838 4084 4402
Route 50 : 992 3492 1765 4265 1702 4202 712 1185 3685 1794 4294 3212 862 211 3362 2711 1517 198 2698 4017
Route 51 : 1448 3948 1456 3956 220 2720 1059 912 3412 204 2704 337 2837 3559 23 2523
Route 52 : 2176 563 3063 1879 4379 2309 4809 589 3089 4676 240 2740 2255 4755 2404 2393 4904 4893 931 3431
Route 53 : 2095 4595 696 3196 2004 4504 2049 4549 1739 4239 851 3351 811 3311 56 2556
Route 54 : 1590 4090 1120 3620 353 2853 2305 4805 2114 4614 2018 4518 1471 68 2568 3971 1377 3877
Route 55 : 2238 4738 1088 155 3588 327 2827 2655 831 1808 4308 2219 3331 1188 3688 2075 4719 4575
Route 56 : 1439 858 3358 1772 3939 4272 2239 104 2604 4739 1608 41 2541 4108 1487 3987 482 2982
Route 57 : 1652 4152 96 2596 2081 1968 879 4581 2179 4679 4468 397 2897 3379
Route 58 : 320 2820 699 3199 202 552 3052 850 3350 2702 1646 393 1364 3864 2893 4146 237 2737 1500 4000 1149 3649
Route 59 : 1576 658 4076 1070 3570 3158 1455 1041 1924 4424 3541 1658 4158 3955 936 1444 3944 3436 254 2754 2403 4903
Route 60 : 1923 1170 3670 4423 1817 4317 133 2633 109 1108 3608 2609 649 3149 2009 120 2620 4509 543 3043 2367 4867
Route 61 : 2109 4609 1153 1109 3653 1308 3808 3609 1094 3594 1349 3849 1611 4111 137 2637 162 2662 257 2757
Route 62 : 715 2204 1792 4292 4704 3215 1258 3758 1278 3778 234 2734 1305 3805 424 2924
Route 63 : 2259 4759 319 2819 642 3142 538 3038 2022 1954 4454 4522 2483 597 3097 4983 1209 3709 260 2760
Route 64 : 1017 2337 1233 3733 3517 4837 1210 2197 4697 3710 1320 3820 1493 3993 894 3394 1137 3637
Route 65 : 1648 4148 547 1081 3581 24 2524 3047 1595 4095 2325 1760 4260 4825 1819 4319 1509 542 3042 4009 1587 4087 296 2796
Route 66 : 22 2522 2121 540 4621 15 2515 2383 4883 1843 4343 2173 4673 3040
Route 67 : 2354 4854 2466 4966 1721 4221 324 2824 323 2823 1156 3656 1075 3575 725 3225 462 2962
Route 68 : 2097 2422 4922 4597 1883 1637 1730 4230 2096 4596 1235 3735 4383 2467 4967 4137 2294 4794
Route 69 : 1392 2134 4634 3892 189 2689 1889 43 2543 4389 55 451 2555 1496 1061 2951 3561 3996 1735 4235
Route 70 : 1670 2451 4951 4170 1257 3757 1134 1770 4270 3634 2153 4653 81 2581 1395 3895 1946 4446
Route 71 : 535 3035 884 3384 2149 2154 1633 4133 4654 1217 3717 4649 2209 4709 1525 4025 2107 1974 4474 4607
Route 72 : 1416 3916 523 3023 757 3257 264 2042 2764 4542 708 3208 1726 655 3155 4226 1138 3638
Route 73 : 679 3179 2356 2423 69 2569 4923 1155 3655 2024 4524 4856 1279 476 2976 3779 1071 3571 722 3222
Route 74 : 1640 1795 4295 4140 206 527 3027 2706 2396 4896 1884 310 4384 576 2810 2392 1734 4234 4892 3076
Route 75 : 607 3107 432 2932 659 1724 3159 4224 1056 3556 917 1089 3589 3417 2425 4925 1067 3567 2284 4784
Route 76 : 2377 667 3167 4877 2125 4625 1011 3511 1780 326 2826 4280 316 2816 2295 4795
Route 77 : 158 2658 2083 4583 1060 3560 1561 123 2623 4061 983 3483 1592 4092 1749 4249 42 2542 1453 3953
Route 78 : 2058 1038 3538 4558 890 3390 1147 3647 1265 3765 899 3399 1746 4246 513 3013 1737 4237 147 2647
Route 79 : 270 2770 475 2975 856 3356 1664 1105 3605 4164 154 2654 2400 4900 1512 4012 1450 765 3265 3950
Route 80 : 1756 4256 1938 4438 769 1657 4157 2462 4962 3269 1454 3954 2349 4849 968 3468 595 3095
Route 81 : 2084 4584 1619 991 2214 4714 3491 4119 1828 4328 2446 4946 1995 1438 3938 4495 1451 3951 934 3434
Route 82 : 660 3160 2414 1154 4914 1389 3889 281 3654 2781 514 3014 507 3007 1374 3874
Route 83 : 651 3151 1144 3644 2332 4832 2429 4929 1982 2387 4482 61 4887 2561 2449 760 3260 4949 1212 3712
Route 84 : 805 3305 1183 1396 3896 2147 4647 348 2848 2037 4537 125 2625 3683 2186 4686 1569 4069
Route 85 : 1955 2427 2036 4536 1001 3501 1601 4101 4927 4455 2402 4902 1248 3748 2003 759 3259 4503 284 2784
Route 86 : 1172 646 3146 2163 4663 3672 2286 4786 1744 798 2181 4244 4681 3298 3 2503 1704 4204 1073 3573
Route 87 : 140 2640 1694 4194 1414 3914 838 3338 1703 1598 4098 4203 1767 4267
Route 88 : 1472 3972 1752 4252 2389 4889 2194 977 222 2722 3477 723 3223 4694 1620 4120 1106 3606
Route 89 : 1741 4241 502 3002 2116 4616 2129 1167 3667 4629 632 3132 2492 4992 58 2558 59 2559 2051 4551
Route 90 : 707 466 2966 854 3354 984 3484 3207 1547 4047 1961 4461 2143 528 3028 4643 1708 1546 4208 4046
Route 91 : 2275 4775 2108 4608 196 2696 216 2716 944 3444 1267 3767 1904 2098 1129 3629 4598 790 3290 4404
Route 92 : 1427 3927 557 3057 584 3084 2196 4696 1417 3917 1243 3743 2300 4800 265 2765 826 3326 390 2890
Route 93 : 1053 2371 4871 3553 2041 2288 4788 923 3423 4541 2248 4748 834 3334 1187 3687 1848 4348
Route 94 : 1468 3968 1686 2198 384 2884 4698 4186 1275 3775 2177 784 3284 4677 1963 4463 66 2566
Route 95 : 2264 4764 1959 4459 1666 1121 1558 4058 3621 4166 2052 4552 1421 84 3921 2584 2484 4984
Route 96 : 1855 4355 2329 706 3206 932 517 3017 3432 116 2616 630 3130 2302 4802 1030 3530 1016 3516 4829
Route 97 : 285 1969 2785 2212 4712 4469 1249 3749 1514 4014 127 2627 877 1203 3703 130 2630 3377 993 3493
Route 98 : 827 1596 626 3126 3327 1952 4452 267 2767 1135 4096 3635 439 2939 110 2610
Route 99 : 458 2958 845 861 775 3345 3275 3361 2057 2034 4557 1449 3949 361 2861 4534 2453 4953 1197 718 3218 3697
Route 100 : 561 3061 2229 4729 2401 4901 745 3245 2135 464 2964 288 2788 4635
Route 101 : 2256 329 2829 1079 3579 4756 2365 4865 2328 4828 1676 4176 1015 938 3438 428 2928 3515 298 2798
Route 102 : 100 2600 1847 4347 875 2226 4726 164 2664 1815 3375 763 3263 1556 4056 575 3075 4315 367 2867
Route 103 : 1773 4273 1251 200 2700 3751 648 3148 328 2828 1992 4492 1200 3700 1419 3919
Route 104 : 1707 4207 1323 1597 4097 1681 4181 3823 994 242 2742 3494 422 539 2922 1241 3039 1838 4338 3741 2303 4803
Route 105 : 1224 3724 183 2683 509 3009 1090 3590 322 2822 148 2648 2155 4655
Route 106 : 2029 4529 1603 4103 1698 99 2599 4198 477 2977 913 3413 314 2814 1983 1892 4392 4483 149 2649
Route 107 : 1626 4126 351 525 3025 2851 1827 4327 2406 4906 1097 3597 395 2895 768 2131 4631 3268
Route 108 : 2280 4780 2263 4763 1542 4042 297 2797 643 3143 2021 4521 2 2502 245 1239 3739 2745
Route 109 : 2497 4997 7 2507 35 2535 83 2583 2215 4715 1594 4094 1863 4363 2164 4664
Route 110 : 1912 4412 1234 176 2676 1729 4229 3734 2039 4539 2370 1314 3814 4870 131 36 2536 2631 365 2865
Route 111 : 1635 4135 1986 4486 2035 4535 418 2072 710 3210 2918 4572 2007 1100 3600 4507
Route 112 : 1919 4419 261 2761 95 2595 1801 1192 3692 4301 1563 4063 1719 4219 822 3322
Route 113 : 1176 2345 4845 3676 2128 4628 1350 2444 4944 3850 1116 3616 1585 4085 748 1832 4332 3248
Route 114 : 997 3497 2315 1356 3856 4815 1836 719 3219 4336 1915 4415 2496 159 2659 4996 2340 4840
Route 115 : 1164 3664 2489 1720 4220 4989 1985 4485 1281 290 2790 3781 1674 700 3200 4174
Route 116 : 1723 4223 2331 4831 772 2281 4781 1145 3272 208 2708 3645 844 3344 251 2751 1634 2119 4134 4619
Route 117 : 2213 4713 2043 2308 4543 4808 2273 4773 2123 4623 1754 4254 662 1718 4218 3162 2000 4500 4 2504 1171 3671
Route 118 : 733 89 2589 87 2587 3233 2258 2440 4940 1411 2359 1804 4304 3911 4859 2002 4502 656 1316 3816 3156 2353 4853 4758
Route 119 : 2228 4728 1296 3796 134 2634 2442 4942 863 2188 4688 45 2545 3363 738 3238 2016 4516
Route 120 : 746 3246 1943 4443 678 3178 1412 3912 1944 781 1554 4054 4444 1162 456 3662 3281 1764 4264 716 2956 3216
Route 121 : 1975 4475 761 3261 887 3387 1528 872 4028 3372 2244 4744 1917 4417 1037 301 2801 3537
Route 122 : 1306 3806 1643 4143 1295 2168 4668 644 3795 3144 1256 3756 1958 1789 4458 2435 4935 4289
Route 123 : 1452 2447 4947 3952 1049 3549 1186 1612 3686 299 2799 1426 3926 4112 455 249 2749 1531 2955 4031
Route 124 : 1796 1822 4322 4296 1991 4491 2140 4640
Route 125 : 292 2792 2014 4514 1768 2278 4778 4268 752 3252 136 2636 1366 839 3339 3866
Route 126 : 2274 443 2943 4774 743 505 3005 3243 2498 341 2841 4998 426 274 2774 2926 1287 3787
Route 127 : 2064 4564 431 2931 892 3392 2438 2193 4693 4938 1401 3901 1092 271 2771 1769 1408 4269 3908 3592
Route 128 : 1829 1466 3966 4329 218 2718 904 3404 2452 4952 352 2852 1641 4141 1292 3792 853 3353
Route 129 : 377 762 3262 1007 3507 2877 2200 4700 1201 3701 2463 4963 841 3341 1562 4062 942 1435 3935 3442
Route 130 : 717 3217 2038 1555 4055 4538 603 943 3443 1809 4309 3103 152 2652 1119 3619
Route 131 : 2324 2060 1394 3894 808 3308 4560 909 3409 4824 2426 4926 2397 219 2719 1642 4142 4897
Route 132 : 490 2990 1783 1722 4222 4283 150 2650 1386 3886 1268 3768 2234 4734 587 2307 4807 3087 1835 4335 1993 4493
Route 133 : 2127 4627 504 3004 194 2694 1329 3829 1678 4178 1039 3539 128 2628 1096 157 2657 3596
Route 134 : 1573 2428 4928 4073 2235 2394 4894 4735 747 698 3247 987 3487 199 2699 3198 1225 3725
Route 135 : 624 3124 293 2793 771 3271 1371 3871 2441 135 2635 964 3464 4941 1222 3722 2189 4689
Route 136 : 2246 2384 4884 4746 1318 3818 1508 379 914 3414 2879 2265 4765 4008 1503 4003 2292 4792
Route 137 : 926 3426 2236 4736 49 2549 178 2678 2184 4684 2262 4762 1504 4004 2210 4710 1298 3798
Route 138 : 966 3466 2322 4822 1786 4286 1465 142 2642 1539 2253 4753 4039 602 3102 3965 2493 2139 4639 4993
Route 139 : 227 2727 1230 843 3343 1482 3982 617 3117 2314 1126 3626 3730 460 2960 4814 1758 927 3427 4258 530 3030
Route 140 : 1894 4394 1981 501 3001 4481 355 2855 1530 405 2905 4030 409 2909 1204 3704 2190 4690 2343 4843
Route 141 : 1082 3582 2369 4869 1950 4450 2480 4980 665 3165 499 2999
Route 142 : 1422 3922 82 1665 4165 2582 2224 4724 1951 4451 177 2677 522 3022 232 2732 182 2682
Route 143 : 1581 4081 1220 1928 4428 1549 3720 4049 633 3133 1820 4320 1999 4499
Route 144 : 893 3393 1433 3933 529 3029 1571 4071 1871 4371 1861 4361 900 3400 1219 3719
Route 145 : 1400 1355 3900 3855 824 1791 4291 3324 1662 4162 901 3401 1570 4070 50 2550 1358 3858 1013 63 2563 869 3369 3513
Route 146 : 1029 3529 1905 1402 3902 874 3374 4405 1160 3660 1775 4275 2317 4817 60 2560 2351 4851 2079 4579
Route 147 : 192 945 2692 2298 4798 1117 478 2978 3617 1020 3445 3520 1387 463 2963 3887 1083 3583
Route 148 : 1481 3981 2217 1266 1715 4215 3766 4717 2289 4789 671 1048 3548 3171 1925 4425 1717 4217
Route 149 : 2437 1628 4937 1776 168 2668 4276 2268 4128 4768 1231 3731 1649 4149 1709 4209
Route 150 : 1840 4340 1802 4302 1516 2346 4846 4016 1880 1837 4337 4380 1639 4139
Route 151 : 1331 444 2944 3831 2260 4760 807 3307 947 3447 1077 2421 4921 3577 1844 4344 1949 4449 1321 3821
Route 152 : 1111 29 3611 67 2567 1473 2529 3973 814 3314 588 3088 1051 3551 1250 3750
Route 153 : 2124 4624 1010 3510 1216 846 3716 3346 599 3099 1354 2475 4975 3854 593 3093
Route 154 : 618 307 357 2807 905 3405 2857 3118 1489 883 3989 3383 1700 4200 2241 794 3294 4741
Route 155 : 2237 1814 343 2843 4314 4737 2330 4830 1742 4242 989 3489 600 3100 233 2733 1288 1437 3937 3788
Route 156 : 714 625 3214 969 3125 3469 1370 3870 1914 4414 1910 4410 2199 4699 1125 3625 1028 3528 203 2703
Route 157 : 506 3006 2030 4530 1488 1157 3657 3988 1202 3702 1553 842 3342 4053 1852 4352 1391 3891
Route 158 : 112 2612 1299 3799 764 3264 1797 4297 1618 1870 4370 4118 358 1671 4171 2113 4613 2336 4836 2858
Route 159 : 2319 1260 3760 4819 275 2775 2433 1864 4933 4364 1921 291 2791 1806 4306 1054 3554 4421 1860 4360
Route 160 : 472 915 3415 2972 641 3141 876 1962 3376 31 2531 4462 836 1668 4168 3336
Route 161 : 92 2592 380 2880 767 3267 2407 2500 5000 4907 754 881 3381 3254 689 3189
Route 162 : 1302 1264 3764 3802 541 2327 4827 2227 4727 3041 2087 4587 2417 4917
Route 163 : 1803 2245 4745 430 2930 4303 918 3418 2261 4761 1324 44 2544 666 3166 3824 1226 3726
Route 164 : 75 2117 2575 1198 1381 3698 534 3034 4617 383 3881 2883 565 3065 2187 356 2856 4687 334 2834
Route 165 : 1908 1342 3842 4408 1627 740 3240 4127 1190 3690 789 1695 4195 3289 2100 1213 3713 4600
Route 166 : 1920 253 2753 366 2866 1926 4426 4420 898 1086 3586 3398 1272 3772 1047 3547 570 3070 2056 4556
Route 167 : 751 3251 1474 2137 4637 3974 1996 4496 728 3228 414 2914 1168 3668
Route 168 : 1343 3843 1679 4179 2477 4977 2062 4562 259 2759 1872 1353 4372 553 3053 3853 930 449 2949 3430
Route 169 : 1683 4183 1341 3841 802 3302 1560 4060 17 971 3471 2517 491 2991 779 1379 3879 3279 124 2624
Route 170 : 247 1390 3890 2747 1261 1146 3646 3761 160 2660 1000 3500 911 3411 1009 3509 305 2805
Route 171 : 2439 2411 4911 1728 4228 4939 2001 2333 4833 4501 1716 1486 3986 4216
Route 172 : 2454 1859 4359 4954 51 2090 4590 2551 1753 2207 4707 1602 1548 4048 4102 1246 3746 4253 2033 1104 3604 4533
Route 173 : 2360 1399 2366 3899 4860 1747 4866 1501 4001 4247 1050 3550 518 3018 1973 4473 1942 171 2671 4442
Route 174 : 469 638 3138 2969 2069 4569 578 3078 20 2520 205 2705 1684 4184 1515 4015 1058 3558
Route 175 : 2434 629 3129 4934 1911 510 776 3276 3010 4411 1932 403 2903 4432 532 5 2505 3032 737 3237
Route 176 : 2381 13 2513 4881 416 2916 2240 4740 113 266 2766 2613 2448 4948 878 3378 421 2921
Route 177 : 558 1967 4467 3058 1189 3689 583 3083 1593 4093 401 2901 2146 4646 516 3016
Route 178 : 2455 4955 536 2170 4670 3036 865 2203 4703 1868 4368 1655 4155 3365 797 3297 2110 1 2501 4610
Route 179 : 1989 4489 1994 818 2458 4958 3318 4494 1276 1441 2474 4974 3941 3776 1782 321 2821 2065 4565 4282
Route 180 : 2344 4844 1405 3905 2486 4986 2299 567 4799 3067 1467 3967 1839 975 3475 4339
Route 181 : 268 1253 2405 3753 221 2721 4905 2768 2102 4602 1527 437 2937 4027 735 2158 4658 3235 1567 4067
Route 182 : 1359 828 3328 3859 621 3121 1692 2456 4956 2050 4550 4192 929 3429 897 3397 85 2585
Route 183 : 1495 3995 360 347 2847 1669 4169 684 3184 453 2953 2860 2339 4839 1862 4362 2301 4801 837 3337
Route 184 : 1507 4007 1277 3777 677 459 3177 2091 2959 4591 39 98 2598 2539 1656 4156 903 1270 3770 3403
Route 185 : 294 2794 1221 3721 2251 4751 485 2985 1984 4484 1208 3708 568 3068 847 3347
Route 186 : 2032 4532 664 555 3055 3164 2202 434 2934 2231 4731 4702 2066 2206 4566 4706
Route 187 : 1927 139 2639 94 2594 4427 1459 1432 3932 2223 4723 3959 269 2769 1710 4210
Route 188 : 1667 4167 1072 3572 921 1247 3747 3421 819 1294 3794 3319 866 3366 273 2773 742 3242 1337 209 3837 2709
Route 189 : 545 3045 1712 2488 4988 2415 4212 1896 2027 4527 4915 350 2850 4396 2334 1347 4834 3847 1812 4312 2077 985 3485 4577
Route 190 : 1301 3801 1012 3512 562 1339 3839 1591 4091 3062 1269 2272 4772 3769 2040 4540 2192 1978 4478 4692 368 2868
Route 191 : 1867 391 2891 2385 4885 4367 289 1680 4180 339 2839 2789 566 119 2619 3066
Route 192 : 569 3069 1699 4199 141 2641 19 2519 2165 1629 4129 4665 467 2967 2233 4733
Route 193 : 1537 1691 4191 1446 244 2744 3946 2012 4512 1574 4074 201 2701 4037
Route 194 : 1586 4086 631 415 2915 3131 2418 1311 4918 3811 512 185 2482 4982 2685 3012 1605 4105 2490 4990
Route 195 : 1510 4010 406 1858 4358 2906 493 465 2965 1335 2409 3835 2993 4909 241 2093 4593 2741 2491 4991
Route 196 : 2380 4880 188 342 2842 1784 2688 4284 2342 4842 54 2554 2313 702 3202 4813 873 3373 1499 3999
Route 197 : 2461 4961 1599 2306 4806 4099 1434 3934 2266 1127 3627 4766 1280 3780 1816 1282 3782 4316
Route 198 : 2279 4779 2159 4659 1014 880 3380 3514 1536 2120 4036 4620 1617 2142 4642 4117
Route 199 : 687 3187 782 46 2546 3282 2350 488 2988 972 3472 4850 672 207 2707 3172
Route 200 : 1897 1357 4397 3857 804 1524 4024 3304 2126 217 2717 4626 1091 806 3306 3591
Route 201 : 974 70 2570 3474 1890 2122 4622 1600 4100 4390 1578 105 4078 1034 2605 3534 635 3135 515 3015
Route 202 : 2046 4546 1778 693 3193 4278 950 3450 2174 1484 508 3008 3984 4674 1413 3913 1428 2378 4878 3928 686 3186
Route 203 : 1882 933 3433 4382 857 302 2802 3357 1987 1383 4487 3883 306 2806 1325 940 1519 4019 3440 3825 978 3478
Route 204 : 364 2864 1945 4445 1624 4124 1970 4470 2157 4657 1143 3643 1918 855 3355 108 2608 4418
Route 205 : 404 581 2904 3081 331 471 2831 2971 1297 3797 2111 1929 4429 2254 4611 1319 3819 187 2687 79 2579 4754 1588 4088
Route 206 : 1132 3632 344 2844 848 3348 521 3021 1931 4431 1866 1236 3736 1873 4373 4366 957 3457
Route 207 : 577 3077 849 3349 1725 470 2970 786 3286 4225 295 2795 1107 382 2882 3607
Route 208 : 1002 3502 2055 4555 1300 549 610 3110 3800 25 2525 3049 573 3073 1615 1494 3994 4115 1787 4287
Route 209 : 346 2846 223 800 3300 8 2508 2211 1625 4125 4711 2723 683 3183 1262 3762 2048 1811 4311 4548
Route 210 : 2019 2316 2067 4567 1123 4816 4519 487 2987 433 2933 374 1607 3623 4107 2092 4592 2874 213 2713 2276 111 2611 4776
Route 211 : 2382 4882 1215 3715 1283 6 2506 3783 90 2590 1326 3826 1937 4437
Route 212 : 981 3481 2368 1141 3641 4868 1977 4477 1334 32 2532 3834 1757 4257 1957 4457 1972 4472
Route 213 : 939 3439 1019 1112 3612 3519 1330 3830 1238 511 3011 3738 1025 3525 2151 4651 958 3458 1345 3845
Route 214 : 572 3072 1830 639 3139 4330 729 3229 1289 1541 3789 4041 1460 2283 4783 3960 375 2875 1936 4436
Route 215 : 1332 3832 335 2835 1361 3861 2460 4960 2220 1423 703 3203 3923 4720 1550 4050 2085 1520 4020 4585
Route 216 : 1006 3506 2101 4601 755 965 3465 3255 2379 4879
Route 217 : 2398 4898 1373 1622 4122 3873 2017 4517 1136 3636 2216 191 4716 1365 1271 2691 3771 3865 1255 3755 976 3476
Route 218 : 1869 318 2818 4369 435 2935 2363 311 2811 4863 1033 2257 4757 3533 653 3153 1290 3790 920 3420
Route 219 : 1909 4409 1673 4173 622 1888 3122 1650 4150 1533 4388 4033 1180 396 2896 1891 4391 3680 1115 3615
Route 220 : 370 1229 1291 3791 3729 2870 1529 4029 278 2778 115 2615 498 2998 1148 3648
Route 221 : 2323 4823 1930 4430
Route 222 : 960 3460 1939 369 2869 594 1621 4121 3094 1630 962 3462 4130 2078 4578 820 3320 1583 4083 4439
Route 223 : 1124 2247 4747 3624 1312 1043 3543 3812 1076 246 2746 3576 1534 4034 1166 1211 3711 1878 3666 4378 1805 4305
Route 224 : 1133 3633 474 2974 2457 18 2518 4957 1498 3998 1237 3737 2373 791 3291 4873 910 3410 2172 4672
Route 225 : 1393 3893 799 3299 1544 4044 1252 3752 1151 1711 225 2725 4211 145 2645 3651 2390 4890
Route 226 : 704 3204 1663 4163 657 74 2574 3157 673 1614 4114 3173 2436 4936
Route 227 : 680 3180 2205 4705 1348 3848 483 2071 4571 2983 442 1385 3885 2942 924 3424
Route 228 : 2296 4796 1971 4471 2020 4520 287 2787 226 2726 1903 4403 1672 388 2888 4172
Route 229 : 2335 4835 598 3098 427 1825 4325 2927 1688 4188 2364 963 3463 1842 4342 4864 399 2899
Route 230 : 1947 4447 1979 4479 1606 758 3258 2133 4633 1853 4353 303 4106 2803 609 3109 1906 4406 727 48 2548 3227
Route 231 : 2183 4683 986 420 2920 78 2578 3486 1442 3942 1895 4395 1934 4434 1181 179 2679 3681
Route 232 : 224 2724 756 3256 961 3461 2061 4561 956 3456 2195 4695 1445 1084 3584 3945 1333 3833 537 3037
Route 233 : 1046 3546 1572 1206 3706 255 2755 4072 114 2614 2054 4554 64 2564
Route 234 : 1505 1990 4490 4005 925 3425 2150 4650 2178 4678 1317 3817 2076 304 4576 2804 2388 4888 645 3145
Route 235 : 1953 4453 810 3310 2499 906 3406 4999 1865 4365 619 692 3192 812 3312 210 2710 3119 236 2736
Route 236 : 2162 777 4662 2341 4841 1940 4440 3277 750 3250 312 2812 1074 2160 4660 3574
Route 237 : 896 3396 1315 2225 4725 2185 1142 1008 3508 3642 3815 4685 2472 4972 1184 156 2656 3684
Route 238 : 1431 1966 1388 916 3888 3416 4466 2348 3931 4848 732 2104 4604 813 3232 1733 4233 3313 2386 4886
Route 239 : 1693 793 3293 1193 3693 4193 1491 3991 1582 4082 2338 57 2557 697 3197 4838
Route 240 : 1110 3610 1644 4144 1242 3742 1307 3807 2479 2026 4979 1380 3880 2430 4526 4930 2420 1118 3618 4920
Route 241 : 229 101 2601 1232 3732 2729 276 231 2731 2776 1818 823 3323 1506 4318 332 2832 2059 4006 4559 695 3195
Route 242 : 2399 4899 452 71 2571 592 3092 1440 605 3105 3940 2952 454 2954 888 280 2780 694 3194 1175 3675 3388 1532 4032
Route 243 : 2005 417 2917 4505 2074 4574 585 3085 1376 3876 955 3455 1997 4497 1477 3977 1022 3522
Route 244 : 1398 731 3231 448 2948 3898 286 606 3106 1899 4399 2786 2416 4916 551 3051 107 2607
Route 245 : 1403 2290 825 3325 1565 4065 4790 2082 4582 73 2573 336 2494 4994 2836 3903
Route 246 : 688 3188 1781 4281 1430 948 3448 3930 1564 2249 4749 215 2715 4064 308 2808 1139 3639
Route 247 : 1415 1916 4416 495 2995 3915 2221 4721 2250 1478 1580 4080 3978 4750 313 2813 1913 4413 1128 3628 1631 4131
Route 248 : 262 2762 1779 4279 1131 174 2674 3631 1078 3578 2132 1240 3740 1685 4185 410 2910 533 3033 4632
Route 249 : 2412 4912 1821 345 2845 4321 604 3104 787 3287 1876 1610 4110 4376 1322 3822
Route 250 : 2355 1956 4456 175 2675 4855 2023 4523 860 1469 3969 1677 4177 675 3175 3360
Route 251 : 1857 1575 1823 4323 4075 1360 3860 1369 3869 778 3278 197 2697 419 2919 4357 2201 2011 4511 4701
Route 252 : 882 1227 3727 3382 2312 4812 614 1636 4136 3114 1214 3714 612 792 3292 3112 1898 4398
Route 253 : 774 937 3437 3274 1965 2395 4895 2099 4599 1559 91 2591 4059 4465 2293 4793 1285 1613 4113 3785
Route 254 : 556 1068 3568 1645 4145 1194 3694 1328 3828 3056 713 3213 106 608 3108 2606 65 2565 559 3059
Route 255 : 1845 4345 1410 26 2526 3910 272 2772 1036 3536 1824 4324 441 1886 235 2735 2941 4386 1800 4300
Route 256 : 1018 3518 1259 3759 616 3116 398 2898 362 2862 1027 3527 840 3340 734 3234
Route 257 : 1713 4213 378 2878 1152 3652 1900 2478 4978 4400 2053 4553 2152 4652 709 3209 2304 4804 489 2989
Route 258 : 1755 4255 1689 4189 1623 4123 1706 4206 830 250 2750 3330 1616 4116 1447 3947 1199 3699
Route 259 : 1521 4021 928 988 3488 3428 1150 596 1397 3897 3096 3650 2487 4987 93 480 2980 2593
Route 260 : 871 3371 33 2533 173 2673 870 3370 1044 1093 3593 1785 4285 3544
Route 261 : 2277 4777 1771 4271 2310 902 1826 3402 4326 1566 4810 4066 1609 4109 2291 4791 1475 3975
Route 262 : 959 1740 4240 3459 2495 4995 2191 4691 1461 3961 1479 3979 163 2663 186 2686
Route 263 : 1035 3535 372 1856 2872 4356 330 2830 1736 1102 3602 4236 167 690 3190 2667 1045 3545
Route 264 : 2045 4545 1336 3836 640 809 3309 3140 1003 3503 801 3301 1638 4138
Route 265 : 2243 1798 4743 2358 4858 4298 349 1731 4231 2849 990 2166 4666 3490 1948 4448 922 3422
Route 266 : 1552 4052 2347 143 2643 4847 613 3113 170 2670 852 1464 3964 3352 1535 4035 1875 4375 1538 548 3048 4038
Route 267 : 1309 3809 62 2562 1690 4190 1293 3793 2167 1055 3555 4667 2282 4782 2161 4661 1363 1196 3863 3696
Route 268 : 895 3395 248 2748 102 2602 1661 4161 1654 1877 4377 407 2907 4154
Route 269 : 2112 4612 721 3221 1831 4331 9 2509 736 3236 1701 4201 132 2632 1788 4288 867 3367
Route 270 : 979 3479 1885 4385 1893 4393 2105 4605 1228 3728 400 2900 1807 4307 2115 4615 620 3120
Route 271 : 2156 4656 283 2783 951 1021 3521 1263 3451 1980 4480 3763 11 2511 457 2957 14 2514
Route 272 : 1762 1790 4290 47 2547 4262 980 3480 1114 3614 1042 3542 821 982 3482 766 3266 3321 1443 3943
Route 273 : 1026 3526 1420 1346 3846 1182 3920 3682 138 2638 1851 4351 2285 4785 425 2925 1846 4346
